179
8 2
0 2 1 2 
0 3 2 0 3 
0 2 1 0 
0 3 5 4 1 
0 1 3 
0 2 3 7 
0 1 7 
0 2 6 5 
14 2
0 2 3 1 
0 3 2 0 4 
0 3 8 1 3 
0 2 0 2 
0 3 6 5 1 
0 1 4 
0 2 4 12 
0 1 12 
0 3 2 10 9 
0 1 8 
0 2 8 13 
0 1 13 
0 2 6 7 
0 2 11 10 
60 2
0 2 5 1 
0 3 2 0 6 
0 3 1 3 10 
0 3 4 2 19 
0 3 3 23 5 
0 2 0 4 
0 3 8 7 1 
0 1 6 
0 2 6 27 
0 1 27 
0 3 11 2 12 
0 1 10 
0 2 28 10 
0 2 14 36 
0 4 15 13 16 15 
0 2 14 14 
0 3 14 18 17 
0 2 18 16 
0 2 17 16 
0 3 20 3 21 
0 1 19 
0 2 37 19 
0 1 37 
0 3 4 25 24 
0 1 23 
0 2 38 23 
0 1 44 
0 2 8 9 
0 3 29 30 12 
0 1 28 
0 3 31 28 36 
0 3 30 33 32 
0 2 36 31 
0 2 31 34 
0 4 34 34 35 33 
0 2 34 36 
0 4 13 32 30 35 
0 2 21 22 
0 2 45 25 
0 3 40 41 45 
0 1 39 
0 3 43 39 42 
0 2 43 41 
0 3 46 41 42 
0 2 26 54 
0 2 38 39 
0 3 43 47 48 
0 2 46 53 
0 3 49 53 46 
0 2 48 50 
0 4 52 51 49 51 
0 2 50 50 
0 2 53 50 
0 4 52 48 47 55 
0 2 59 44 
0 2 56 53 
0 4 57 58 55 57 
0 2 56 56 
0 2 56 59 
0 2 54 58 
10 2
0 2 1 2 
0 3 0 2 3 
0 2 1 0 
0 3 5 1 4 
0 1 3 
0 2 3 7 
0 1 9 
0 3 9 8 5 
0 1 7 
0 2 6 7 
32 2
0 2 5 1 
0 3 2 0 6 
0 3 10 1 3 
0 3 4 14 2 
0 3 3 5 18 
0 2 0 4 
0 3 8 7 1 
0 1 6 
0 2 22 6 
0 1 22 
0 3 2 12 11 
0 1 10 
0 2 23 10 
0 1 29 
0 3 3 15 16 
0 1 14 
0 2 30 14 
0 1 30 
0 3 19 20 4 
0 1 18 
0 2 31 18 
0 1 31 
0 2 8 9 
0 3 12 24 25 
0 1 23 
0 3 27 26 23 
0 1 25 
0 3 25 28 29 
0 2 29 27 
0 3 28 13 27 
0 2 16 17 
0 2 20 21 
8 2
0 2 1 2 
0 3 2 0 3 
0 2 1 0 
0 3 5 4 1 
0 1 3 
0 2 3 7 
0 1 7 
0 2 5 6 
19 2
0 2 3 1 
0 3 2 0 4 
0 3 1 3 8 
0 2 0 2 
0 3 5 6 1 
0 1 4 
0 2 4 12 
0 1 12 
0 3 10 2 9 
0 1 8 
0 2 13 8 
0 1 18 
0 2 7 6 
0 3 15 10 14 
0 1 13 
0 3 13 17 16 
0 2 18 15 
0 2 15 18 
0 3 16 11 17 
14 2
0 2 3 1 
0 3 2 0 4 
0 3 8 1 3 
0 2 0 2 
0 3 6 5 1 
0 1 4 
0 2 4 12 
0 1 12 
0 3 2 10 9 
0 1 8 
0 2 8 13 
0 1 13 
0 2 6 7 
0 2 11 10 
23 2
0 2 4 1 
0 3 2 5 0 
0 3 1 3 9 
0 3 4 13 2 
0 2 3 0 
0 3 7 1 6 
0 1 5 
0 2 5 17 
0 1 17 
0 3 10 2 11 
0 1 9 
0 2 9 18 
0 1 21 
0 3 3 14 15 
0 1 13 
0 2 22 13 
0 1 22 
0 2 8 7 
0 3 20 19 11 
0 2 18 21 
0 2 18 21 
0 3 20 12 19 
0 2 15 16 
8 2
0 2 1 2 
0 3 2 0 3 
0 2 1 0 
0 3 5 4 1 
0 1 3 
0 2 3 7 
0 1 7 
0 2 6 5 
22 2
0 2 4 1 
0 3 2 5 0 
0 3 9 1 3 
0 3 4 2 13 
0 2 3 0 
0 3 7 1 6 
0 1 5 
0 2 5 17 
0 1 17 
0 3 2 10 11 
0 1 9 
0 2 9 18 
0 1 18 
0 3 14 3 15 
0 1 13 
0 2 13 19 
0 1 21 
0 2 8 7 
0 2 11 12 
0 3 21 20 15 
0 2 19 21 
0 3 19 20 16 
36 2
0 2 1 6 
0 3 2 7 0 
0 3 11 1 3 
0 3 4 15 2 
0 3 3 5 19 
0 3 4 23 6 
0 2 5 0 
0 3 8 1 9 
0 1 7 
0 2 7 27 
0 1 27 
0 3 2 13 12 
0 1 11 
0 2 28 11 
0 1 28 
0 3 3 17 16 
0 1 15 
0 2 15 29 
0 1 29 
0 3 20 21 4 
0 1 19 
0 2 30 19 
0 1 30 
0 3 24 5 25 
0 1 23 
0 2 31 23 
0 1 35 
0 2 10 9 
0 2 13 14 
0 2 17 18 
0 2 21 22 
0 3 32 25 33 
0 1 31 
0 3 35 31 34 
0 1 33 
0 2 33 26 
26 2
0 2 5 1 
0 3 2 0 6 
0 3 10 1 3 
0 3 4 14 2 
0 3 3 5 18 
0 2 0 4 
0 3 8 7 1 
0 1 6 
0 2 22 6 
0 1 22 
0 3 2 12 11 
0 1 10 
0 2 23 10 
0 1 23 
0 3 3 15 16 
0 1 14 
0 2 14 24 
0 1 24 
0 3 19 20 4 
0 1 18 
0 2 25 18 
0 1 25 
0 2 8 9 
0 2 12 13 
0 2 17 16 
0 2 20 21 
14 2
0 2 3 1 
0 3 2 0 4 
0 3 8 1 3 
0 2 0 2 
0 3 6 5 1 
0 1 4 
0 2 4 12 
0 1 12 
0 3 2 10 9 
0 1 8 
0 2 8 13 
0 1 13 
0 2 6 7 
0 2 11 10 
21 2
0 2 2 1 
0 3 2 0 3 
0 2 1 0 
0 3 5 4 1 
0 1 3 
0 2 3 7 
0 1 20 
0 2 8 5 
0 4 7 9 9 10 
0 2 8 8 
0 2 11 8 
0 4 10 19 12 18 
0 3 11 14 13 
0 1 12 
0 3 18 12 15 
0 3 17 16 14 
0 1 15 
0 2 15 20 
0 2 14 11 
0 2 11 20 
0 3 17 6 19 
14 2
0 2 3 1 
0 3 2 0 4 
0 3 8 1 3 
0 2 0 2 
0 3 6 5 1 
0 1 4 
0 2 4 12 
0 1 12 
0 3 2 10 9 
0 1 8 
0 2 8 13 
0 1 13 
0 2 6 7 
0 2 11 10 
28 2
0 2 5 1 
0 3 2 0 6 
0 3 10 1 3 
0 3 4 14 2 
0 3 3 5 18 
0 2 0 4 
0 3 8 7 1 
0 1 6 
0 2 22 6 
0 1 22 
0 3 2 12 11 
0 1 10 
0 2 23 10 
0 1 25 
0 3 3 15 16 
0 1 14 
0 2 26 14 
0 1 26 
0 3 19 20 4 
0 1 18 
0 2 27 18 
0 1 27 
0 2 8 9 
0 3 12 25 24 
0 1 23 
0 2 13 23 
0 2 16 17 
0 2 20 21 
22 2
0 2 1 4 
0 3 0 5 2 
0 3 3 1 9 
0 3 2 13 4 
0 2 0 3 
0 3 1 6 7 
0 1 5 
0 2 5 17 
0 1 17 
0 3 10 2 11 
0 1 9 
0 2 18 9 
0 1 18 
0 3 3 14 15 
0 1 13 
0 2 19 13 
0 1 21 
0 2 8 7 
0 2 12 11 
0 3 15 21 20 
0 1 19 
0 2 16 19 
22 2
0 2 4 1 
0 3 2 5 0 
0 3 9 1 3 
0 3 4 2 13 
0 2 3 0 
0 3 7 1 6 
0 1 5 
0 2 5 17 
0 1 17 
0 3 2 10 11 
0 1 9 
0 2 9 18 
0 1 18 
0 3 14 3 15 
0 1 13 
0 2 13 19 
0 1 21 
0 2 8 7 
0 2 11 12 
0 3 21 20 15 
0 2 19 21 
0 3 19 20 16 
30 2
0 2 5 1 
0 3 2 0 6 
0 3 1 3 10 
0 3 4 14 2 
0 3 3 18 5 
0 2 0 4 
0 3 8 7 1 
0 1 6 
0 2 22 6 
0 1 22 
0 3 11 2 12 
0 1 10 
0 2 10 23 
0 1 23 
0 3 3 15 16 
0 1 14 
0 2 24 14 
0 1 24 
0 3 20 4 19 
0 1 18 
0 2 18 25 
0 1 29 
0 2 8 9 
0 2 13 12 
0 2 17 16 
0 3 27 20 26 
0 1 25 
0 3 25 29 28 
0 2 29 27 
0 3 21 28 27 
20 2
0 2 4 1 
0 3 2 5 0 
0 3 1 3 9 
0 3 11 4 2 
0 2 3 0 
0 3 7 1 6 
0 1 5 
0 2 15 5 
0 1 15 
0 2 16 2 
0 1 18 
0 3 3 13 12 
0 1 11 
0 2 11 19 
0 1 19 
0 2 7 8 
0 3 18 9 17 
0 1 16 
0 2 16 10 
0 2 14 13 
8 2
0 2 1 2 
0 3 2 0 3 
0 2 1 0 
0 3 5 4 1 
0 1 3 
0 2 3 7 
0 1 7 
0 2 5 6 
15 2
0 2 1 2 
0 3 2 0 3 
0 2 1 0 
0 3 5 4 1 
0 1 3 
0 2 3 7 
0 1 14 
0 3 8 9 5 
0 2 7 14 
0 3 10 7 11 
0 1 9 
0 3 12 13 9 
0 2 11 13 
0 3 12 11 14 
0 3 6 8 13 
19 2
0 2 1 3 
0 3 0 2 4 
0 3 3 10 1 
0 2 2 0 
0 3 5 6 1 
0 1 4 
0 2 14 4 
0 3 8 17 9 
0 1 7 
0 1 7 
0 3 2 11 12 
0 1 10 
0 2 18 10 
0 1 18 
0 3 16 15 6 
0 2 17 14 
0 2 14 17 
0 3 15 16 7 
0 2 13 12 
8 2
0 2 1 2 
0 3 2 0 3 
0 2 1 0 
0 3 5 4 1 
0 1 3 
0 2 3 7 
0 1 7 
0 2 5 6 
37 2
0 2 5 1 
0 3 2 0 6 
0 3 10 1 3 
0 3 4 2 14 
0 3 3 5 18 
0 2 0 4 
0 3 8 7 1 
0 1 6 
0 2 6 22 
0 1 22 
0 3 2 12 11 
0 1 10 
0 2 10 23 
0 1 23 
0 3 15 16 3 
0 1 14 
0 2 24 14 
0 1 33 
0 3 19 4 20 
0 1 18 
0 2 34 18 
0 1 36 
0 2 9 8 
0 2 13 12 
0 3 32 16 25 
0 3 27 26 24 
0 1 25 
0 3 25 28 29 
0 2 29 27 
0 4 28 31 30 27 
0 2 33 29 
0 2 29 32 
0 3 24 33 31 
0 3 17 30 32 
0 3 36 20 35 
0 1 34 
0 2 34 21 
8 2
0 2 1 2 
0 3 2 0 3 
0 2 1 0 
0 3 5 4 1 
0 1 3 
0 2 3 7 
0 1 7 
0 2 5 6 
26 2
0 2 5 1 
0 3 2 0 6 
0 3 1 3 10 
0 3 4 2 14 
0 3 3 18 5 
0 2 0 4 
0 3 8 7 1 
0 1 6 
0 2 6 22 
0 1 22 
0 3 11 2 12 
0 1 10 
0 2 10 23 
0 1 23 
0 3 15 16 3 
0 1 14 
0 2 24 14 
0 1 24 
0 3 4 19 20 
0 1 18 
0 2 18 25 
0 1 25 
0 2 9 8 
0 2 13 12 
0 2 16 17 
0 2 21 20 
24 2
0 2 4 1 
0 3 2 5 0 
0 3 1 3 9 
0 3 4 13 2 
0 2 3 0 
0 3 6 7 1 
0 1 5 
0 2 5 17 
0 1 17 
0 3 10 2 11 
0 1 9 
0 2 9 18 
0 1 22 
0 3 15 3 14 
0 1 13 
0 2 13 23 
0 1 23 
0 2 8 7 
0 3 11 19 20 
0 1 18 
0 3 21 18 22 
0 1 20 
0 2 20 12 
0 2 16 15 
16 2
0 2 3 1 
0 3 2 0 4 
0 3 8 1 3 
0 2 0 2 
0 3 6 5 1 
0 1 4 
0 2 4 12 
0 1 12 
0 3 2 10 9 
0 1 8 
0 2 8 13 
0 1 15 
0 2 6 7 
0 3 15 14 10 
0 1 13 
0 2 13 11 
23 2
0 2 4 1 
0 3 2 5 0 
0 3 1 3 9 
0 3 4 13 2 
0 2 3 0 
0 3 7 1 6 
0 1 5 
0 2 5 17 
0 1 17 
0 3 10 2 11 
0 1 9 
0 2 18 9 
0 1 21 
0 3 15 3 14 
0 1 13 
0 2 13 22 
0 1 22 
0 2 8 7 
0 3 11 20 19 
0 2 21 18 
0 2 21 18 
0 3 12 19 20 
0 2 16 15 
26 2
0 2 4 1 
0 3 2 5 0 
0 3 1 3 9 
0 3 4 13 2 
0 2 3 0 
0 3 7 1 6 
0 1 5 
0 2 5 17 
0 1 17 
0 3 10 2 11 
0 1 9 
0 2 9 18 
0 1 24 
0 3 15 3 14 
0 1 13 
0 2 13 25 
0 1 25 
0 2 8 7 
0 3 20 11 19 
0 1 18 
0 3 18 22 21 
0 1 20 
0 3 20 23 24 
0 1 22 
0 2 12 22 
0 2 16 15 
20 2
0 2 4 1 
0 3 2 5 0 
0 3 9 1 3 
0 3 4 2 13 
0 2 3 0 
0 3 7 1 6 
0 1 5 
0 2 5 17 
0 1 17 
0 3 2 11 10 
0 1 9 
0 2 9 18 
0 1 18 
0 3 15 14 3 
0 1 13 
0 2 13 19 
0 1 19 
0 2 8 7 
0 2 11 12 
0 2 15 16 
8 2
0 2 1 2 
0 3 2 0 3 
0 2 1 0 
0 3 5 4 1 
0 1 3 
0 2 3 7 
0 1 7 
0 2 5 6 
17 2
0 2 3 1 
0 3 2 0 4 
0 3 8 1 3 
0 2 0 2 
0 3 6 5 1 
0 1 4 
0 2 4 12 
0 1 12 
0 3 2 10 9 
0 1 8 
0 2 8 13 
0 1 16 
0 2 6 7 
0 3 14 15 10 
0 2 13 16 
0 2 16 13 
0 3 15 14 11 
8 2
0 2 1 2 
0 3 2 0 3 
0 2 1 0 
0 3 5 4 1 
0 1 3 
0 2 3 7 
0 1 7 
0 2 5 6 
34 2
0 2 4 1 
0 3 2 5 0 
0 3 9 1 3 
0 3 13 4 2 
0 2 3 0 
0 3 7 1 6 
0 1 5 
0 2 5 17 
0 1 19 
0 3 2 11 10 
0 1 9 
0 2 9 20 
0 1 22 
0 3 3 15 14 
0 1 13 
0 2 13 23 
0 1 33 
0 3 19 7 18 
0 1 17 
0 2 17 8 
0 3 22 21 11 
0 1 20 
0 2 20 12 
0 2 15 24 
0 4 32 33 23 25 
0 3 27 26 24 
0 1 25 
0 3 25 28 29 
0 2 27 32 
0 3 30 31 27 
0 1 29 
0 2 32 29 
0 3 24 31 28 
0 2 16 24 
47 2
0 2 7 1 
0 3 8 2 0 
0 3 12 1 3 
0 3 4 2 16 
0 3 3 20 5 
0 3 24 4 6 
0 3 7 5 28 
0 2 0 6 
0 3 1 9 10 
0 1 8 
0 2 32 8 
0 1 41 
0 3 2 14 13 
0 1 12 
0 2 12 42 
0 1 42 
0 3 3 17 18 
0 1 16 
0 2 43 16 
0 1 43 
0 3 21 4 22 
0 1 20 
0 2 44 20 
0 1 44 
0 3 25 5 26 
0 1 24 
0 2 45 24 
0 1 45 
0 3 29 30 6 
0 1 28 
0 2 46 28 
0 1 46 
0 3 33 34 10 
0 1 32 
0 3 32 35 36 
0 1 34 
0 3 37 38 34 
0 1 36 
0 3 36 39 40 
0 2 38 41 
0 2 38 41 
0 3 39 40 11 
0 2 15 14 
0 2 19 18 
0 2 22 23 
0 2 26 27 
0 2 31 30 
32 2
0 2 1 6 
0 3 2 7 0 
0 3 11 1 3 
0 3 4 15 2 
0 3 3 5 19 
0 3 23 4 6 
0 2 5 0 
0 3 8 1 9 
0 1 7 
0 2 7 27 
0 1 27 
0 3 2 13 12 
0 1 11 
0 2 11 28 
0 1 28 
0 3 3 17 16 
0 1 15 
0 2 29 15 
0 1 29 
0 3 21 4 20 
0 1 19 
0 2 19 30 
0 1 30 
0 3 25 5 24 
0 1 23 
0 2 23 31 
0 1 31 
0 2 10 9 
0 2 14 13 
0 2 17 18 
0 2 21 22 
0 2 25 26 
40 2
0 2 5 1 
0 3 2 0 6 
0 3 10 1 3 
0 3 4 2 14 
0 3 3 18 5 
0 2 0 4 
0 3 8 7 1 
0 1 6 
0 2 22 6 
0 1 24 
0 3 2 12 11 
0 1 10 
0 2 25 10 
0 1 35 
0 3 15 16 3 
0 1 14 
0 2 14 36 
0 1 38 
0 3 4 19 20 
0 1 18 
0 2 39 18 
0 1 39 
0 3 24 8 23 
0 1 22 
0 2 22 9 
0 2 12 26 
0 4 27 25 34 33 
0 3 26 28 29 
0 1 27 
0 3 33 27 30 
0 3 32 31 29 
0 1 30 
0 2 30 35 
0 2 29 26 
0 2 35 26 
0 3 34 13 32 
0 3 16 37 38 
0 1 36 
0 2 17 36 
0 2 21 20 
22 2
0 2 3 1 
0 3 2 0 12 
0 3 1 3 16 
0 4 0 5 2 4 
0 1 3 
0 3 7 3 6 
0 1 5 
0 3 5 9 8 
0 1 7 
0 3 11 7 10 
0 2 11 9 
0 2 10 9 
0 3 13 14 1 
0 1 12 
0 2 12 20 
0 1 20 
0 3 17 18 2 
0 1 16 
0 2 21 16 
0 1 21 
0 2 15 14 
0 2 19 18 
29 2
0 2 5 1 
0 3 2 0 6 
0 3 1 3 10 
0 3 4 14 2 
0 3 3 18 5 
0 2 0 4 
0 3 8 7 1 
0 1 6 
0 2 22 6 
0 1 22 
0 3 11 2 12 
0 1 10 
0 2 10 23 
0 1 26 
0 3 3 15 16 
0 1 14 
0 2 27 14 
0 1 27 
0 3 20 4 19 
0 1 18 
0 2 18 28 
0 1 28 
0 2 8 9 
0 3 25 24 12 
0 2 26 23 
0 2 23 26 
0 3 25 24 13 
0 2 17 16 
0 2 20 21 
40 2
0 2 1 6 
0 3 2 7 0 
0 3 11 1 3 
0 3 4 15 2 
0 3 3 19 5 
0 3 4 23 6 
0 2 5 0 
0 3 8 1 9 
0 1 7 
0 2 27 7 
0 1 27 
0 3 2 13 12 
0 1 11 
0 2 11 28 
0 1 28 
0 3 3 17 16 
0 1 15 
0 2 15 29 
0 1 37 
0 3 21 4 20 
0 1 19 
0 2 19 38 
0 1 38 
0 3 24 5 25 
0 1 23 
0 2 39 23 
0 1 39 
0 2 9 10 
0 2 14 13 
0 3 30 31 17 
0 1 29 
0 3 32 33 29 
0 1 31 
0 3 37 34 31 
0 3 36 33 35 
0 1 34 
0 2 37 34 
0 3 33 36 18 
0 2 22 21 
0 2 25 26 
32 2
0 2 5 1 
0 3 2 0 6 
0 3 10 1 3 
0 3 4 14 2 
0 3 3 18 5 
0 2 0 4 
0 3 8 7 1 
0 1 6 
0 2 6 22 
0 1 22 
0 3 2 12 11 
0 1 10 
0 2 10 23 
0 1 23 
0 3 3 15 16 
0 1 14 
0 2 14 24 
0 1 30 
0 3 4 20 19 
0 1 18 
0 2 18 31 
0 1 31 
0 2 9 8 
0 2 13 12 
0 3 16 25 26 
0 1 24 
0 3 27 30 24 
0 3 28 26 29 
0 1 27 
0 2 30 27 
0 3 29 17 26 
0 2 21 20 
26 2
0 2 4 1 
0 3 2 5 0 
0 3 1 3 7 
0 3 4 11 2 
0 2 3 0 
0 2 15 1 
0 1 21 
0 3 9 2 8 
0 1 7 
0 2 7 22 
0 1 22 
0 3 3 12 13 
0 1 11 
0 2 23 11 
0 1 25 
0 3 5 16 17 
0 1 15 
0 3 18 15 19 
0 1 17 
0 3 21 17 20 
0 2 21 19 
0 3 6 19 20 
0 2 10 9 
0 3 24 25 13 
0 1 23 
0 2 14 23 
14 2
0 2 3 1 
0 3 2 0 4 
0 3 8 1 3 
0 2 0 2 
0 3 6 5 1 
0 1 4 
0 2 4 12 
0 1 12 
0 3 2 10 9 
0 1 8 
0 2 8 13 
0 1 13 
0 2 6 7 
0 2 10 11 
10 2
0 2 1 2 
0 3 2 0 3 
0 2 1 0 
0 3 5 4 1 
0 1 3 
0 2 3 7 
0 1 9 
0 3 9 8 5 
0 1 7 
0 2 7 6 
17 2
0 2 3 1 
0 3 2 0 4 
0 3 8 1 3 
0 2 0 2 
0 3 6 5 1 
0 1 4 
0 2 4 12 
0 1 12 
0 3 2 10 9 
0 1 8 
0 2 8 13 
0 1 16 
0 2 6 7 
0 3 14 15 10 
0 2 13 16 
0 2 16 13 
0 3 14 15 11 
19 2
0 2 1 3 
0 3 0 2 4 
0 3 3 8 1 
0 2 2 0 
0 3 5 6 1 
0 1 4 
0 2 4 12 
0 1 17 
0 3 2 9 10 
0 1 8 
0 2 8 18 
0 1 18 
0 3 13 6 14 
0 2 12 14 
0 4 15 12 13 16 
0 2 14 17 
0 2 17 14 
0 3 16 7 15 
0 2 11 10 
23 2
0 2 4 1 
0 3 2 5 0 
0 3 1 3 9 
0 3 13 4 2 
0 2 3 0 
0 3 7 1 6 
0 1 5 
0 2 5 17 
0 1 17 
0 3 10 2 11 
0 1 9 
0 2 9 18 
0 1 21 
0 3 3 15 14 
0 1 13 
0 2 13 22 
0 1 22 
0 2 8 7 
0 3 19 11 20 
0 2 21 18 
0 2 21 18 
0 3 20 19 12 
0 2 15 16 
30 2
0 2 5 1 
0 3 2 0 6 
0 3 10 1 3 
0 3 4 14 2 
0 3 3 5 18 
0 2 0 4 
0 3 8 7 1 
0 1 6 
0 2 22 6 
0 1 22 
0 3 2 12 11 
0 1 10 
0 2 23 10 
0 1 23 
0 3 3 15 16 
0 1 14 
0 2 14 24 
0 1 24 
0 3 19 20 4 
0 1 18 
0 2 25 18 
0 1 29 
0 2 8 9 
0 2 12 13 
0 2 17 16 
0 3 20 26 27 
0 1 25 
0 3 25 28 29 
0 1 27 
0 2 21 27 
8 2
0 2 1 2 
0 3 2 0 3 
0 2 1 0 
0 3 5 4 1 
0 1 3 
0 2 3 7 
0 1 7 
0 2 5 6 
31 2
0 2 3 1 
0 3 2 0 4 
0 3 8 1 3 
0 2 0 2 
0 3 5 6 1 
0 1 4 
0 2 12 4 
0 0 
0 3 2 10 9 
0 1 8 
0 2 25 8 
0 1 27 
0 2 6 28 
0 3 14 30 15 
0 1 13 
0 2 28 13 
0 0 
0 0 
0 0 
0 0 
0 0 
0 0 
0 0 
0 0 
0 0 
0 3 10 26 27 
0 1 25 
0 2 11 25 
0 4 29 30 15 12 
0 1 28 
0 2 28 13 
5 2
0 2 1 4 
0 3 0 3 2 
0 1 1 
0 2 4 1 
0 2 3 0 
31 2
0 2 4 1 
0 3 2 5 0 
0 3 1 3 9 
0 3 4 2 13 
0 2 3 0 
0 3 7 1 6 
0 1 5 
0 2 5 17 
0 1 28 
0 3 10 11 2 
0 1 9 
0 2 9 29 
0 1 29 
0 3 15 14 3 
0 1 13 
0 2 13 30 
0 1 30 
0 3 27 18 7 
0 3 19 20 17 
0 1 18 
0 3 18 21 22 
0 1 20 
0 3 24 20 23 
0 1 22 
0 3 22 25 26 
0 1 24 
0 2 28 24 
0 2 17 28 
0 3 8 27 26 
0 2 12 11 
0 2 16 15 
8 2
0 2 1 2 
0 3 2 0 3 
0 2 1 0 
0 3 5 4 1 
0 1 3 
0 2 3 7 
0 1 7 
0 2 5 6 
26 2
0 2 5 1 
0 3 2 0 6 
0 3 10 1 3 
0 3 4 14 2 
0 3 3 5 18 
0 2 0 4 
0 3 8 7 1 
0 1 6 
0 2 22 6 
0 1 22 
0 3 2 12 11 
0 1 10 
0 2 23 10 
0 1 23 
0 3 3 15 16 
0 1 14 
0 2 14 24 
0 1 24 
0 3 19 20 4 
0 1 18 
0 2 25 18 
0 1 25 
0 2 8 9 
0 2 12 13 
0 2 17 16 
0 2 20 21 
26 2
0 2 3 1 
0 3 2 0 4 
0 3 1 3 8 
0 2 0 2 
0 3 5 6 1 
0 1 4 
0 2 12 4 
0 1 22 
0 3 10 9 2 
0 1 8 
0 2 8 23 
0 1 25 
0 3 14 13 6 
0 1 12 
0 2 12 15 
0 4 16 21 20 14 
0 3 15 18 17 
0 1 16 
0 3 16 19 20 
0 2 18 22 
0 2 18 15 
0 2 22 15 
0 3 21 7 19 
0 3 24 25 10 
0 1 23 
0 2 23 11 
16 2
0 2 1 3 
0 3 0 2 4 
0 3 8 1 3 
0 2 2 0 
0 3 1 6 5 
0 1 4 
0 2 4 12 
0 1 12 
0 3 2 9 10 
0 1 8 
0 2 13 8 
0 1 15 
0 2 7 6 
0 3 10 14 15 
0 1 13 
0 2 13 11 
10 2
0 2 1 2 
0 3 2 0 3 
0 2 1 0 
0 3 5 4 1 
0 1 3 
0 2 3 7 
0 1 9 
0 3 5 8 9 
0 1 7 
0 2 7 6 
10 2
0 2 1 2 
0 3 2 0 3 
0 2 1 0 
0 3 5 4 1 
0 1 3 
0 2 3 7 
0 1 9 
0 3 5 8 9 
0 1 7 
0 2 7 6 
13 2
0 2 1 2 
0 3 0 2 3 
0 2 1 0 
0 3 5 1 4 
0 1 3 
0 2 3 7 
0 1 12 
0 3 9 5 8 
0 2 9 7 
0 4 7 11 8 10 
0 2 12 9 
0 2 9 12 
0 3 10 6 11 
17 2
0 2 3 1 
0 3 2 0 4 
0 3 8 1 3 
0 2 0 2 
0 3 6 5 1 
0 1 4 
0 2 4 12 
0 1 15 
0 3 2 10 9 
0 1 8 
0 2 8 16 
0 1 16 
0 3 14 6 13 
0 2 15 12 
0 2 12 15 
0 3 14 13 7 
0 2 10 11 
8 2
0 2 1 2 
0 3 0 2 3 
0 2 1 0 
0 3 5 1 4 
0 1 3 
0 2 3 7 
0 1 7 
0 2 6 5 
18 2
0 2 1 3 
0 3 0 2 4 
0 3 8 1 3 
0 2 2 0 
0 3 6 5 1 
0 1 4 
0 2 4 12 
0 1 12 
0 3 2 9 10 
0 1 8 
0 2 13 8 
0 1 17 
0 2 7 6 
0 3 15 10 14 
0 1 13 
0 3 13 17 16 
0 1 15 
0 2 11 15 
10 2
0 2 1 2 
0 3 2 0 3 
0 2 1 0 
0 3 5 4 1 
0 1 3 
0 2 3 7 
0 1 9 
0 3 9 5 8 
0 1 7 
0 2 7 6 
8 2
0 2 1 2 
0 3 2 0 3 
0 2 1 0 
0 3 5 4 1 
0 1 3 
0 2 3 7 
0 1 7 
0 2 5 6 
12 2
0 2 1 2 
0 3 0 2 3 
0 2 1 0 
0 3 5 1 4 
0 1 3 
0 2 7 3 
0 1 11 
0 3 5 11 8 
0 3 7 9 10 
0 1 8 
0 2 11 8 
0 3 7 6 10 
24 2
0 2 4 1 
0 3 2 5 0 
0 3 9 1 3 
0 3 4 2 13 
0 2 3 0 
0 3 7 1 6 
0 1 5 
0 2 5 17 
0 1 17 
0 3 2 10 11 
0 1 9 
0 2 9 18 
0 1 18 
0 3 14 3 15 
0 1 13 
0 2 13 19 
0 1 23 
0 2 8 7 
0 2 11 12 
0 3 15 20 21 
0 1 19 
0 3 19 23 22 
0 2 23 21 
0 3 16 22 21 
26 2
0 2 5 1 
0 3 2 0 6 
0 3 10 1 3 
0 3 4 14 2 
0 3 3 5 18 
0 2 0 4 
0 3 8 7 1 
0 1 6 
0 2 22 6 
0 1 22 
0 3 2 12 11 
0 1 10 
0 2 23 10 
0 1 23 
0 3 3 15 16 
0 1 14 
0 2 14 24 
0 1 24 
0 3 19 20 4 
0 1 18 
0 2 18 25 
0 1 25 
0 2 8 9 
0 2 13 12 
0 2 17 16 
0 2 21 20 
23 2
0 2 4 1 
0 3 2 5 0 
0 3 1 3 9 
0 3 4 13 2 
0 2 3 0 
0 3 7 1 6 
0 1 5 
0 2 5 17 
0 1 20 
0 3 10 2 11 
0 1 9 
0 2 21 9 
0 1 21 
0 3 15 3 14 
0 1 13 
0 2 13 22 
0 1 22 
0 3 19 7 18 
0 2 20 17 
0 2 20 17 
0 3 19 8 18 
0 2 12 11 
0 2 15 16 
10 2
0 2 1 2 
0 3 2 0 3 
0 2 1 0 
0 3 5 4 1 
0 1 3 
0 2 3 7 
0 1 9 
0 3 5 8 9 
0 1 7 
0 2 6 7 
8 2
0 2 1 2 
0 3 2 0 3 
0 2 1 0 
0 3 5 4 1 
0 1 3 
0 2 3 7 
0 1 7 
0 2 5 6 
13 2
0 2 1 2 
0 3 0 2 3 
0 2 1 0 
0 3 5 1 4 
0 1 3 
0 2 7 3 
0 1 12 
0 3 5 8 9 
0 2 7 9 
0 4 10 11 7 8 
0 2 9 12 
0 2 9 12 
0 3 6 10 11 
23 2
0 2 4 1 
0 3 2 5 0 
0 3 1 3 9 
0 3 4 13 2 
0 2 3 0 
0 3 7 1 6 
0 1 5 
0 2 5 17 
0 1 17 
0 3 10 2 11 
0 1 9 
0 2 18 9 
0 1 21 
0 3 15 3 14 
0 1 13 
0 2 13 22 
0 1 22 
0 2 8 7 
0 3 20 11 19 
0 2 21 18 
0 2 18 21 
0 3 19 20 12 
0 2 16 15 
16 2
0 2 1 2 
0 3 0 2 3 
0 2 1 0 
0 3 4 1 5 
0 1 3 
0 2 3 7 
0 1 15 
0 2 8 5 
0 4 9 7 14 13 
0 3 8 10 11 
0 2 9 11 
0 4 10 12 13 9 
0 2 11 15 
0 2 11 8 
0 2 15 8 
0 3 14 6 12 
31 2
0 2 5 1 
0 3 2 0 6 
0 3 10 1 3 
0 3 4 2 14 
0 3 3 18 5 
0 2 0 4 
0 3 8 7 1 
0 1 6 
0 2 6 22 
0 1 27 
0 3 2 12 11 
0 1 10 
0 2 10 28 
0 1 28 
0 3 16 15 3 
0 1 14 
0 2 14 29 
0 1 29 
0 3 4 19 20 
0 1 18 
0 2 30 18 
0 1 30 
0 3 23 8 24 
0 2 24 22 
0 4 23 26 25 22 
0 2 27 24 
0 2 27 24 
0 3 26 9 25 
0 2 13 12 
0 2 17 16 
0 2 20 21 
14 2
0 2 3 1 
0 3 2 0 4 
0 3 8 1 3 
0 2 0 2 
0 3 6 5 1 
0 1 4 
0 2 4 12 
0 1 12 
0 3 2 10 9 
0 1 8 
0 2 8 13 
0 1 13 
0 2 6 7 
0 2 11 10 
8 2
0 2 1 2 
0 3 2 0 3 
0 2 1 0 
0 3 5 4 1 
0 1 3 
0 2 3 7 
0 1 7 
0 2 6 5 
22 2
0 2 4 1 
0 3 2 5 0 
0 3 1 3 9 
0 3 4 2 13 
0 2 3 0 
0 3 7 1 6 
0 1 5 
0 2 5 17 
0 1 17 
0 3 10 2 11 
0 1 9 
0 2 18 9 
0 1 20 
0 3 14 15 3 
0 1 13 
0 2 21 13 
0 1 21 
0 2 8 7 
0 3 11 19 20 
0 2 18 20 
0 3 12 19 18 
0 2 15 16 
11 2
0 2 1 2 
0 3 2 0 3 
0 2 1 0 
0 3 5 4 1 
0 1 3 
0 2 3 7 
0 1 10 
0 2 5 8 
0 4 9 10 7 9 
0 2 8 8 
0 2 6 8 
12 2
0 2 1 2 
0 3 2 0 3 
0 2 1 0 
0 3 5 4 1 
0 1 3 
0 2 3 7 
0 1 11 
0 3 5 8 9 
0 1 7 
0 3 10 7 11 
0 1 9 
0 2 6 9 
32 2
0 2 4 1 
0 3 2 5 0 
0 3 1 3 9 
0 3 4 13 2 
0 2 3 0 
0 3 7 1 6 
0 1 5 
0 2 5 17 
0 1 27 
0 3 10 2 11 
0 1 9 
0 2 9 28 
0 1 30 
0 3 15 3 14 
0 1 13 
0 2 13 31 
0 1 31 
0 2 18 7 
0 4 17 23 19 24 
0 3 23 20 18 
0 3 22 21 19 
0 1 20 
0 2 20 27 
0 2 18 19 
0 3 26 25 18 
0 1 24 
0 2 24 27 
0 3 8 26 22 
0 3 30 29 11 
0 1 28 
0 2 28 12 
0 2 16 15 
14 2
0 2 1 2 
0 3 2 0 3 
0 2 1 0 
0 3 5 4 1 
0 1 3 
0 2 3 7 
0 1 13 
0 3 9 5 8 
0 1 7 
0 3 7 11 10 
0 1 9 
0 3 12 9 13 
0 1 11 
0 2 6 11 
17 2
0 2 3 1 
0 3 2 0 4 
0 3 1 8 3 
0 2 0 2 
0 3 6 5 1 
0 1 4 
0 2 4 12 
0 1 15 
0 3 10 2 9 
0 1 8 
0 2 8 16 
0 1 16 
0 3 6 13 14 
0 2 12 15 
0 2 15 12 
0 3 14 7 13 
0 2 10 11 
14 2
0 2 3 1 
0 3 2 0 4 
0 3 1 3 8 
0 2 0 2 
0 3 6 5 1 
0 1 4 
0 2 4 12 
0 1 12 
0 3 9 2 10 
0 1 8 
0 2 13 8 
0 1 13 
0 2 6 7 
0 2 11 10 
8 2
0 2 1 2 
0 3 2 0 3 
0 2 1 0 
0 3 5 4 1 
0 1 3 
0 2 3 7 
0 1 7 
0 2 5 6 
14 2
0 2 3 1 
0 3 2 0 4 
0 3 8 1 3 
0 2 0 2 
0 3 6 5 1 
0 1 4 
0 2 4 12 
0 1 12 
0 3 2 10 9 
0 1 8 
0 2 8 13 
0 1 13 
0 2 6 7 
0 2 11 10 
18 2
0 2 1 3 
0 3 0 8 2 
0 3 3 1 12 
0 4 5 2 4 0 
0 1 3 
0 3 3 6 7 
0 2 5 7 
0 2 5 6 
0 3 1 10 9 
0 1 8 
0 2 16 8 
0 1 16 
0 3 14 2 13 
0 1 12 
0 2 17 12 
0 1 17 
0 2 10 11 
0 2 14 15 
14 2
0 2 3 1 
0 3 2 0 4 
0 3 8 1 3 
0 2 0 2 
0 3 6 5 1 
0 1 4 
0 2 4 12 
0 1 12 
0 3 2 10 9 
0 1 8 
0 2 8 13 
0 1 13 
0 2 6 7 
0 2 11 10 
22 2
0 2 1 4 
0 3 0 5 2 
0 3 3 1 9 
0 3 2 13 4 
0 2 0 3 
0 3 1 6 7 
0 1 5 
0 2 5 15 
0 1 15 
0 3 10 2 11 
0 1 9 
0 2 9 16 
0 1 16 
0 2 3 17 
0 1 21 
0 2 8 7 
0 2 12 11 
0 3 13 19 18 
0 2 17 19 
0 4 20 17 21 18 
0 1 19 
0 2 14 19 
17 2
0 2 3 1 
0 3 2 0 4 
0 3 8 1 3 
0 2 0 2 
0 3 6 5 1 
0 1 4 
0 2 4 12 
0 1 15 
0 3 2 10 9 
0 1 8 
0 2 8 16 
0 1 16 
0 3 13 6 14 
0 2 12 15 
0 2 15 12 
0 3 13 7 14 
0 2 10 11 
14 2
0 2 3 1 
0 3 2 0 4 
0 3 8 1 3 
0 2 0 2 
0 3 6 5 1 
0 1 4 
0 2 4 12 
0 1 12 
0 3 2 9 10 
0 1 8 
0 2 13 8 
0 1 13 
0 2 7 6 
0 2 11 10 
8 2
0 2 1 2 
0 3 2 0 3 
0 2 1 0 
0 3 5 4 1 
0 1 3 
0 2 3 7 
0 1 7 
0 2 5 6 
16 2
0 2 1 3 
0 3 0 2 4 
0 3 1 3 8 
0 2 2 0 
0 3 6 5 1 
0 1 4 
0 2 12 4 
0 1 14 
0 3 10 2 9 
0 1 8 
0 2 15 8 
0 1 15 
0 3 6 14 13 
0 1 12 
0 2 7 12 
0 2 10 11 
16 2
0 2 3 1 
0 3 2 0 4 
0 3 8 1 3 
0 2 0 2 
0 3 6 5 1 
0 1 4 
0 2 4 12 
0 1 14 
0 3 2 10 9 
0 1 8 
0 2 8 15 
0 1 15 
0 3 6 14 13 
0 1 12 
0 2 7 12 
0 2 11 10 
26 2
0 2 4 1 
0 3 2 5 0 
0 3 1 3 9 
0 3 13 4 2 
0 2 3 0 
0 3 7 1 6 
0 1 5 
0 2 15 5 
0 1 15 
0 3 10 2 11 
0 1 9 
0 2 9 16 
0 1 16 
0 2 3 17 
0 1 25 
0 2 7 8 
0 2 12 11 
0 3 19 18 13 
0 1 17 
0 3 25 17 20 
0 3 19 22 21 
0 1 20 
0 3 23 20 24 
0 1 22 
0 2 25 22 
0 3 19 24 14 
28 2
0 2 5 1 
0 3 2 0 6 
0 3 10 1 3 
0 3 4 14 2 
0 3 3 5 18 
0 2 0 4 
0 3 8 7 1 
0 1 6 
0 2 6 20 
0 1 20 
0 3 2 12 11 
0 1 10 
0 2 21 10 
0 1 21 
0 3 3 15 16 
0 1 14 
0 2 14 22 
0 1 22 
0 2 23 4 
0 1 27 
0 2 9 8 
0 2 12 13 
0 2 17 16 
0 3 25 18 24 
0 2 23 25 
0 4 26 23 27 24 
0 2 25 27 
0 3 25 19 26 
20 2
0 2 1 4 
0 3 0 5 2 
0 3 3 1 9 
0 3 2 13 4 
0 2 0 3 
0 3 1 6 7 
0 1 5 
0 2 17 5 
0 1 17 
0 3 10 2 11 
0 1 9 
0 2 18 9 
0 1 18 
0 3 3 14 15 
0 1 13 
0 2 19 13 
0 1 19 
0 2 7 8 
0 2 12 11 
0 2 16 15 
25 2
0 2 3 1 
0 3 2 0 4 
0 3 1 3 8 
0 2 0 2 
0 3 5 6 1 
0 1 4 
0 2 12 4 
0 1 12 
0 3 10 2 9 
0 1 8 
0 2 8 13 
0 1 24 
0 2 6 7 
0 3 15 10 14 
0 2 24 13 
0 3 17 16 13 
0 1 15 
0 3 19 15 18 
0 1 17 
0 3 17 20 21 
0 2 21 19 
0 4 20 23 19 22 
0 1 21 
0 2 21 24 
0 3 23 11 14 
30 2
0 2 4 1 
0 3 2 5 0 
0 3 9 1 3 
0 3 4 2 13 
0 2 3 0 
0 3 6 7 1 
0 1 5 
0 2 17 5 
0 1 17 
0 3 2 10 11 
0 1 9 
0 2 18 9 
0 1 28 
0 3 15 14 3 
0 1 13 
0 2 13 29 
0 1 29 
0 2 7 8 
0 3 11 20 19 
0 2 20 18 
0 4 22 18 19 21 
0 1 20 
0 3 23 20 24 
0 1 22 
0 3 25 26 22 
0 1 24 
0 3 27 28 24 
0 1 26 
0 2 26 12 
0 2 16 15 
17 2
0 2 3 1 
0 3 2 0 4 
0 3 8 1 3 
0 2 0 2 
0 3 6 5 1 
0 1 4 
0 2 4 12 
0 1 15 
0 3 2 10 9 
0 1 8 
0 2 8 16 
0 1 16 
0 3 14 6 13 
0 2 15 12 
0 2 12 15 
0 3 13 14 7 
0 2 11 10 
10 2
0 2 1 2 
0 3 2 0 3 
0 2 1 0 
0 2 5 1 
0 1 8 
0 2 9 3 
0 3 7 9 8 
0 1 6 
0 2 4 6 
0 2 5 6 
8 2
0 2 1 2 
0 3 2 0 3 
0 2 1 0 
0 3 5 4 1 
0 1 3 
0 2 3 7 
0 1 7 
0 2 5 6 
11 2
0 2 1 2 
0 3 2 0 3 
0 2 1 0 
0 3 5 4 1 
0 1 3 
0 2 3 7 
0 1 10 
0 3 5 8 9 
0 2 7 10 
0 2 10 7 
0 3 6 9 8 
36 2
0 2 1 6 
0 3 2 7 0 
0 3 11 1 3 
0 3 4 15 2 
0 3 3 5 17 
0 3 21 4 6 
0 2 5 0 
0 3 8 1 9 
0 1 7 
0 2 25 7 
0 1 25 
0 3 2 13 12 
0 1 11 
0 2 26 11 
0 1 26 
0 2 27 3 
0 1 33 
0 3 18 19 4 
0 1 17 
0 2 34 17 
0 1 34 
0 3 5 23 22 
0 1 21 
0 2 21 35 
0 1 35 
0 2 10 9 
0 2 14 13 
0 3 15 31 28 
0 3 30 29 27 
0 1 28 
0 2 31 28 
0 4 27 30 32 33 
0 1 31 
0 2 16 31 
0 2 19 20 
0 2 24 23 
16 2
0 2 1 3 
0 3 0 2 4 
0 3 8 1 3 
0 2 2 0 
0 3 5 6 1 
0 1 4 
0 2 4 12 
0 1 12 
0 3 2 9 10 
0 1 8 
0 2 13 8 
0 1 15 
0 2 6 7 
0 3 14 15 10 
0 1 13 
0 2 11 13 
13 2
0 2 1 2 
0 3 2 0 3 
0 2 1 0 
0 3 5 4 1 
0 1 3 
0 2 3 7 
0 1 12 
0 2 5 8 
0 4 10 11 7 9 
0 1 8 
0 3 8 11 12 
0 2 8 10 
0 2 6 10 
8 2
0 2 1 2 
0 3 2 0 3 
0 2 1 0 
0 3 5 4 1 
0 1 3 
0 2 3 7 
0 1 7 
0 2 5 6 
8 2
0 2 1 2 
0 3 2 0 3 
0 2 1 0 
0 3 5 4 1 
0 1 3 
0 2 3 7 
0 1 7 
0 2 5 6 
14 2
0 2 1 3 
0 3 0 2 4 
0 3 8 1 3 
0 2 2 0 
0 3 6 5 1 
0 1 4 
0 2 4 12 
0 1 12 
0 3 2 9 10 
0 1 8 
0 2 13 8 
0 1 13 
0 2 7 6 
0 2 10 11 
19 2
0 2 1 3 
0 3 0 2 4 
0 3 3 8 1 
0 2 2 0 
0 3 5 6 1 
0 1 4 
0 2 12 4 
0 1 12 
0 3 2 10 9 
0 1 8 
0 2 8 13 
0 1 18 
0 2 7 6 
0 3 14 17 10 
0 3 13 15 16 
0 2 14 18 
0 2 17 14 
0 3 13 18 16 
0 3 17 11 15 
19 2
0 2 1 3 
0 3 0 2 4 
0 3 3 8 1 
0 2 2 0 
0 3 5 6 1 
0 1 4 
0 2 12 4 
0 1 12 
0 3 2 10 9 
0 1 8 
0 2 13 8 
0 1 18 
0 2 6 7 
0 3 10 14 15 
0 2 15 13 
0 4 17 16 14 13 
0 2 18 15 
0 2 15 18 
0 3 16 11 17 
14 2
0 2 1 13 
0 3 2 0 3 
0 1 1 
0 3 5 1 4 
0 1 3 
0 3 12 3 6 
0 3 8 5 7 
0 1 6 
0 3 6 10 9 
0 2 11 8 
0 2 8 11 
0 3 9 10 12 
0 3 5 13 11 
0 2 0 12 
8 2
0 2 1 2 
0 3 2 0 3 
0 2 1 0 
0 3 5 4 1 
0 1 3 
0 2 3 7 
0 1 7 
0 2 5 6 
27 2
0 2 4 1 
0 3 2 0 5 
0 3 1 3 11 
0 3 4 2 15 
0 2 3 0 
0 3 7 1 6 
0 1 5 
0 2 19 5 
0 3 9 10 24 
0 1 8 
0 1 8 
0 3 2 13 12 
0 1 11 
0 2 11 25 
0 1 25 
0 3 3 16 17 
0 1 15 
0 2 26 15 
0 1 26 
0 3 7 21 20 
0 2 24 19 
0 3 23 19 22 
0 2 24 21 
0 2 21 24 
0 4 20 8 23 22 
0 2 14 13 
0 2 17 18 
11 2
0 2 1 2 
0 3 2 0 3 
0 2 1 0 
0 3 5 4 1 
0 1 3 
0 2 3 7 
0 1 10 
0 3 8 9 5 
0 2 7 10 
0 2 7 10 
0 3 6 9 8 
11 2
0 2 1 2 
0 3 2 0 3 
0 2 1 0 
0 3 5 4 1 
0 1 3 
0 2 3 7 
0 1 10 
0 3 8 5 9 
0 2 7 10 
0 2 10 7 
0 3 9 6 8 
14 2
0 2 3 1 
0 3 2 0 4 
0 3 8 1 3 
0 2 0 2 
0 3 6 5 1 
0 1 4 
0 2 4 12 
0 1 12 
0 3 2 10 9 
0 1 8 
0 2 8 13 
0 1 13 
0 2 6 7 
0 2 11 10 
14 2
0 2 3 1 
0 3 2 0 4 
0 3 8 1 3 
0 2 0 2 
0 3 6 5 1 
0 1 4 
0 2 4 12 
0 1 12 
0 3 2 10 9 
0 1 8 
0 2 8 13 
0 1 13 
0 2 6 7 
0 2 11 10 
8 2
0 2 1 2 
0 3 2 0 3 
0 2 1 0 
0 3 5 4 1 
0 1 3 
0 2 3 7 
0 1 7 
0 2 5 6 
27 2
0 2 4 1 
0 3 2 5 0 
0 3 1 3 9 
0 3 4 2 13 
0 2 3 0 
0 3 7 1 6 
0 1 5 
0 2 17 5 
0 1 24 
0 3 2 10 11 
0 1 9 
0 2 25 9 
0 1 25 
0 3 15 3 14 
0 1 13 
0 2 13 26 
0 1 26 
0 3 7 21 18 
0 3 19 17 20 
0 1 18 
0 2 24 18 
0 3 22 17 23 
0 1 21 
0 2 21 24 
0 3 20 8 23 
0 2 12 11 
0 2 16 15 
8 2
0 2 1 2 
0 3 2 0 3 
0 2 1 0 
0 3 5 4 1 
0 1 3 
0 2 3 7 
0 1 7 
0 2 6 5 
15 2
0 2 1 2 
0 3 2 0 3 
0 2 1 0 
0 3 5 4 1 
0 1 3 
0 2 3 7 
0 1 14 
0 3 5 9 8 
0 2 14 7 
0 3 7 11 10 
0 1 9 
0 3 13 9 12 
0 2 11 14 
0 2 11 14 
0 4 8 6 13 12 
13 2
0 2 1 2 
0 3 2 0 3 
0 2 1 0 
0 3 5 4 1 
0 1 3 
0 2 3 7 
0 1 12 
0 3 8 5 9 
0 2 7 9 
0 4 11 10 8 7 
0 2 12 9 
0 2 9 12 
0 3 10 6 11 
8 2
0 2 1 2 
0 3 2 0 3 
0 2 1 0 
0 3 5 4 1 
0 1 3 
0 2 3 7 
0 1 7 
0 2 6 5 
8 2
0 2 1 2 
0 3 2 0 3 
0 2 1 0 
0 3 5 4 1 
0 1 3 
0 2 3 7 
0 1 7 
0 2 5 6 
19 2
0 2 1 3 
0 3 0 2 4 
0 3 3 10 1 
0 2 2 0 
0 3 5 6 1 
0 1 4 
0 2 14 4 
0 3 8 17 9 
0 1 7 
0 1 7 
0 3 2 11 12 
0 1 10 
0 2 18 10 
0 1 18 
0 3 16 15 6 
0 2 17 14 
0 2 14 17 
0 3 15 16 7 
0 2 13 12 
34 2
0 2 4 1 
0 3 2 5 0 
0 3 9 1 3 
0 3 4 13 2 
0 2 3 0 
0 3 6 7 1 
0 1 5 
0 2 5 17 
0 1 19 
0 3 2 11 10 
0 1 9 
0 2 9 20 
0 1 30 
0 3 3 15 14 
0 1 13 
0 2 13 31 
0 1 33 
0 3 19 7 18 
0 1 17 
0 2 17 8 
0 2 21 11 
0 4 20 22 29 28 
0 3 23 21 24 
0 1 22 
0 3 28 22 25 
0 3 27 26 24 
0 1 25 
0 2 25 30 
0 2 24 21 
0 2 21 30 
0 3 12 29 27 
0 3 32 33 15 
0 1 31 
0 2 31 16 
14 2
0 2 3 1 
0 3 2 0 4 
0 3 1 3 8 
0 2 0 2 
0 3 6 5 1 
0 1 4 
0 2 4 12 
0 1 12 
0 3 9 2 10 
0 1 8 
0 2 13 8 
0 1 13 
0 2 6 7 
0 2 11 10 
25 2
0 2 4 1 
0 3 2 5 0 
0 3 9 1 3 
0 3 4 13 2 
0 2 3 0 
0 3 7 1 6 
0 1 5 
0 2 17 5 
0 1 17 
0 3 2 10 11 
0 1 9 
0 2 18 9 
0 1 23 
0 3 3 14 15 
0 1 13 
0 2 24 13 
0 1 24 
0 2 7 8 
0 3 11 20 19 
0 1 18 
0 3 22 21 18 
0 2 20 23 
0 2 20 23 
0 3 22 12 21 
0 2 16 15 
17 2
0 2 1 3 
0 3 0 2 4 
0 3 8 1 3 
0 2 2 0 
0 3 6 5 1 
0 1 4 
0 2 12 4 
0 1 12 
0 3 2 10 9 
0 1 8 
0 2 8 13 
0 1 16 
0 2 6 7 
0 3 15 14 10 
0 2 16 13 
0 2 16 13 
0 3 14 11 15 
10 2
0 2 1 2 
0 3 2 0 3 
0 2 1 0 
0 3 5 4 1 
0 1 3 
0 2 3 7 
0 1 9 
0 3 5 8 9 
0 1 7 
0 2 7 6 
11 2
0 2 1 2 
0 3 2 0 3 
0 2 1 0 
0 3 5 4 1 
0 1 3 
0 2 3 7 
0 1 10 
0 3 5 8 9 
0 2 7 10 
0 2 10 7 
0 3 6 9 8 
19 2
0 2 2 1 
0 3 2 14 0 
0 4 1 0 3 4 
0 1 2 
0 3 6 5 2 
0 1 4 
0 3 4 7 13 
0 3 6 9 8 
0 1 7 
0 3 11 10 7 
0 2 9 12 
0 2 9 12 
0 3 13 11 10 
0 2 12 6 
0 3 15 16 1 
0 1 14 
0 2 14 18 
0 1 18 
0 2 17 16 
14 2
0 2 3 1 
0 3 2 0 4 
0 3 8 1 3 
0 2 0 2 
0 3 6 5 1 
0 1 4 
0 2 4 12 
0 1 12 
0 3 2 10 9 
0 1 8 
0 2 8 13 
0 1 13 
0 2 6 7 
0 2 11 10 
14 2
0 2 3 1 
0 3 2 0 4 
0 3 8 1 3 
0 2 0 2 
0 3 6 5 1 
0 1 4 
0 2 4 12 
0 1 12 
0 3 2 10 9 
0 1 8 
0 2 8 13 
0 1 13 
0 2 6 7 
0 2 11 10 
17 2
0 2 3 1 
0 3 2 0 4 
0 3 8 1 3 
0 2 0 2 
0 3 6 5 1 
0 1 4 
0 2 4 12 
0 1 12 
0 3 2 10 9 
0 1 8 
0 2 8 13 
0 1 16 
0 2 6 7 
0 3 14 15 10 
0 2 13 16 
0 2 13 16 
0 3 14 15 11 
26 2
0 2 4 1 
0 3 2 5 0 
0 3 1 3 9 
0 3 4 13 2 
0 2 3 0 
0 3 7 1 6 
0 1 5 
0 2 17 5 
0 1 17 
0 3 10 2 11 
0 1 9 
0 2 9 18 
0 1 24 
0 3 3 15 14 
0 1 13 
0 2 13 25 
0 1 25 
0 2 7 8 
0 3 24 11 19 
0 3 21 20 18 
0 1 19 
0 3 22 19 23 
0 2 21 23 
0 3 24 22 21 
0 3 18 23 12 
0 2 16 15 
13 2
0 2 1 2 
0 3 0 2 3 
0 2 1 0 
0 3 5 1 4 
0 1 3 
0 2 3 7 
0 1 12 
0 3 8 11 5 
0 3 10 7 9 
0 2 12 8 
0 2 8 11 
0 3 10 7 12 
0 3 6 9 11 
14 2
0 2 3 1 
0 3 2 0 4 
0 3 8 1 3 
0 2 0 2 
0 3 6 5 1 
0 1 4 
0 2 4 12 
0 1 12 
0 3 2 10 9 
0 1 8 
0 2 8 13 
0 1 13 
0 2 6 7 
0 2 11 10 
27 2
0 2 4 1 
0 3 2 5 0 
0 3 1 3 9 
0 3 4 2 13 
0 2 3 0 
0 3 7 1 6 
0 1 5 
0 2 17 5 
0 1 24 
0 3 2 10 11 
0 1 9 
0 2 25 9 
0 1 25 
0 3 15 3 14 
0 1 13 
0 2 13 26 
0 1 26 
0 3 7 21 18 
0 3 19 17 20 
0 1 18 
0 2 24 18 
0 3 23 22 17 
0 1 21 
0 2 24 21 
0 3 23 20 8 
0 2 11 12 
0 2 16 15 
22 2
0 2 4 1 
0 3 2 5 0 
0 3 1 3 9 
0 3 4 13 2 
0 2 3 0 
0 3 7 1 6 
0 1 5 
0 2 5 17 
0 1 17 
0 3 10 2 11 
0 1 9 
0 2 18 9 
0 1 20 
0 3 15 3 14 
0 1 13 
0 2 13 21 
0 1 21 
0 2 8 7 
0 3 19 11 20 
0 2 18 20 
0 3 19 18 12 
0 2 16 15 
29 2
0 2 5 1 
0 3 2 0 6 
0 3 10 1 3 
0 3 4 14 2 
0 3 3 5 18 
0 2 0 4 
0 3 8 7 1 
0 1 6 
0 2 22 6 
0 1 22 
0 3 2 12 11 
0 1 10 
0 2 23 10 
0 1 23 
0 3 3 15 16 
0 1 14 
0 2 14 24 
0 1 24 
0 3 19 20 4 
0 1 18 
0 2 25 18 
0 1 28 
0 2 8 9 
0 2 12 13 
0 2 17 16 
0 3 26 27 20 
0 2 28 25 
0 2 25 28 
0 3 26 21 27 
8 2
0 2 1 2 
0 3 2 0 3 
0 2 1 0 
0 3 5 4 1 
0 1 3 
0 2 3 7 
0 1 7 
0 2 5 6 
11 2
0 2 1 2 
0 3 0 2 3 
0 2 1 0 
0 3 5 1 4 
0 1 3 
0 2 3 7 
0 1 10 
0 3 8 9 5 
0 2 7 10 
0 2 7 10 
0 3 6 9 8 
14 2
0 2 3 1 
0 3 2 0 4 
0 3 1 3 8 
0 2 0 2 
0 3 6 5 1 
0 1 4 
0 2 4 12 
0 1 12 
0 3 9 2 10 
0 1 8 
0 2 13 8 
0 1 13 
0 2 6 7 
0 2 11 10 
17 2
0 2 3 1 
0 3 2 0 4 
0 3 8 1 3 
0 2 0 2 
0 3 6 5 1 
0 1 4 
0 2 4 12 
0 1 15 
0 3 2 10 9 
0 1 8 
0 2 8 16 
0 1 16 
0 3 14 13 6 
0 2 12 15 
0 2 12 15 
0 3 14 7 13 
0 2 11 10 
22 2
0 2 4 1 
0 3 2 5 0 
0 3 9 1 3 
0 3 13 4 2 
0 2 3 0 
0 3 7 1 6 
0 1 5 
0 2 5 17 
0 1 17 
0 3 2 10 11 
0 1 9 
0 2 18 9 
0 1 20 
0 3 3 15 14 
0 1 13 
0 2 13 21 
0 1 21 
0 2 8 7 
0 3 20 11 19 
0 2 18 20 
0 3 12 18 19 
0 2 15 16 
10 2
0 2 1 2 
0 3 2 0 3 
0 2 1 0 
0 3 5 4 1 
0 1 3 
0 2 3 7 
0 1 9 
0 3 9 5 8 
0 1 7 
0 2 6 7 
16 2
0 2 1 2 
0 3 0 2 11 
0 4 1 3 4 0 
0 1 2 
0 3 5 6 2 
0 1 4 
0 3 4 8 7 
0 1 6 
0 3 9 6 10 
0 2 8 10 
0 2 8 9 
0 3 12 1 13 
0 1 11 
0 2 15 11 
0 1 15 
0 2 13 14 
17 2
0 2 1 3 
0 3 0 2 4 
0 3 8 1 3 
0 2 2 0 
0 3 6 5 1 
0 1 4 
0 2 12 4 
0 1 15 
0 3 2 9 10 
0 1 8 
0 2 16 8 
0 1 16 
0 3 6 14 13 
0 2 15 12 
0 2 15 12 
0 3 14 13 7 
0 2 11 10 
17 2
0 2 1 3 
0 3 0 2 4 
0 3 8 1 3 
0 2 2 0 
0 3 1 6 5 
0 1 4 
0 2 12 4 
0 1 15 
0 3 2 9 10 
0 1 8 
0 2 16 8 
0 1 16 
0 3 6 14 13 
0 2 15 12 
0 2 15 12 
0 3 14 13 7 
0 2 10 11 
20 2
0 2 2 1 
0 3 2 0 3 
0 2 1 0 
0 3 5 4 1 
0 1 3 
0 2 3 7 
0 1 19 
0 2 8 5 
0 4 7 9 10 9 
0 2 8 8 
0 2 11 8 
0 4 19 10 12 18 
0 3 13 11 14 
0 1 12 
0 3 18 12 15 
0 3 16 14 17 
0 1 15 
0 2 15 18 
0 3 14 11 17 
0 2 11 6 
31 2
0 2 5 1 
0 3 2 0 6 
0 3 1 3 10 
0 3 4 14 2 
0 3 18 3 5 
0 2 0 4 
0 3 8 7 1 
0 1 6 
0 2 22 6 
0 1 22 
0 3 11 2 12 
0 1 10 
0 2 10 23 
0 1 23 
0 3 3 15 16 
0 1 14 
0 2 24 14 
0 1 29 
0 3 4 20 19 
0 1 18 
0 2 30 18 
0 1 30 
0 2 8 9 
0 2 13 12 
0 3 26 16 25 
0 1 24 
0 3 27 24 28 
0 2 26 29 
0 2 29 26 
0 3 17 28 27 
0 2 20 21 
34 2
0 2 4 1 
0 3 2 5 0 
0 3 9 1 3 
0 3 13 4 2 
0 2 3 0 
0 3 7 1 6 
0 1 5 
0 2 5 17 
0 1 19 
0 3 2 11 10 
0 1 9 
0 2 9 20 
0 1 22 
0 3 3 15 14 
0 1 13 
0 2 13 23 
0 1 33 
0 3 19 7 18 
0 1 17 
0 2 17 8 
0 3 22 21 11 
0 1 20 
0 2 20 12 
0 2 24 15 
0 4 32 23 33 25 
0 3 24 26 27 
0 1 25 
0 3 28 29 25 
0 2 32 27 
0 3 30 31 27 
0 1 29 
0 2 32 29 
0 3 28 31 24 
0 2 16 24 
14 2
0 2 3 1 
0 3 2 0 4 
0 3 8 1 3 
0 2 0 2 
0 3 6 5 1 
0 1 4 
0 2 4 12 
0 1 12 
0 3 2 9 10 
0 1 8 
0 2 13 8 
0 1 13 
0 2 7 6 
0 2 10 11 
11 2
0 2 1 2 
0 3 2 0 3 
0 2 1 0 
0 3 5 4 1 
0 1 3 
0 2 3 7 
0 1 10 
0 3 8 5 9 
0 2 7 10 
0 2 10 7 
0 3 6 9 8 
8 2
0 2 1 2 
0 3 2 0 3 
0 2 1 0 
0 3 5 4 1 
0 1 3 
0 2 3 7 
0 1 7 
0 2 5 6 
30 2
0 2 5 1 
0 3 2 0 6 
0 3 1 3 10 
0 3 14 4 2 
0 3 3 18 5 
0 2 0 4 
0 3 8 7 1 
0 1 6 
0 2 22 6 
0 1 22 
0 3 11 2 12 
0 1 10 
0 2 10 23 
0 1 27 
0 3 3 15 16 
0 1 14 
0 2 28 14 
0 1 28 
0 3 4 19 20 
0 1 18 
0 2 29 18 
0 1 29 
0 2 8 9 
0 3 25 24 12 
0 1 23 
0 3 27 23 26 
0 2 27 25 
0 3 25 26 13 
0 2 17 16 
0 2 21 20 
32 2
0 2 5 1 
0 3 2 0 6 
0 3 10 1 3 
0 3 4 14 2 
0 3 20 3 5 
0 2 0 4 
0 3 8 7 1 
0 1 6 
0 2 22 6 
0 1 22 
0 3 2 12 11 
0 1 10 
0 2 23 10 
0 1 23 
0 3 3 15 16 
0 1 14 
0 2 24 14 
0 3 18 24 19 
0 1 17 
0 1 17 
0 2 4 25 
0 1 31 
0 2 8 9 
0 2 13 12 
0 2 16 17 
0 3 20 26 27 
0 2 27 25 
0 4 26 28 31 25 
0 3 30 27 29 
0 1 28 
0 2 28 31 
0 3 21 30 27 
10 2
0 2 1 2 
0 3 2 0 3 
0 2 1 0 
0 3 5 4 1 
0 1 3 
0 2 3 7 
0 1 9 
0 3 5 9 8 
0 1 7 
0 2 7 6 
19 2
0 2 1 3 
0 3 0 2 4 
0 3 3 8 1 
0 2 2 0 
0 3 5 6 1 
0 1 4 
0 2 12 4 
0 1 17 
0 3 2 10 9 
0 1 8 
0 2 8 18 
0 1 18 
0 3 13 6 16 
0 3 12 14 15 
0 1 13 
0 2 17 13 
0 2 17 12 
0 3 7 16 15 
0 2 11 10 
24 2
0 2 4 1 
0 3 2 5 0 
0 3 1 3 9 
0 3 4 13 2 
0 2 3 0 
0 3 7 1 6 
0 1 5 
0 2 5 17 
0 1 17 
0 3 10 2 11 
0 1 9 
0 2 9 18 
0 1 18 
0 3 15 3 14 
0 1 13 
0 2 13 19 
0 1 23 
0 2 8 7 
0 2 12 11 
0 3 21 20 15 
0 1 19 
0 3 19 22 23 
0 2 21 23 
0 3 16 22 21 
19 2
0 2 1 3 
0 3 0 2 4 
0 3 3 8 1 
0 2 2 0 
0 3 5 6 1 
0 1 4 
0 2 4 12 
0 1 17 
0 3 2 9 10 
0 1 8 
0 2 18 8 
0 1 18 
0 3 16 13 6 
0 3 14 12 15 
0 1 13 
0 2 17 13 
0 2 12 17 
0 3 16 7 15 
0 2 11 10 
8 2
0 2 1 2 
0 3 0 2 3 
0 2 1 0 
0 3 5 1 4 
0 1 3 
0 2 3 7 
0 1 7 
0 2 6 5 
8 2
0 2 1 2 
0 3 2 0 3 
0 2 1 0 
0 3 5 4 1 
0 1 3 
0 2 3 7 
0 1 7 
0 2 5 6 
8 2
0 2 1 2 
0 3 2 0 3 
0 2 1 0 
0 3 5 4 1 
0 1 3 
0 2 3 7 
0 1 7 
0 2 5 6 
26 2
0 2 5 1 
0 3 2 0 6 
0 3 10 1 3 
0 3 4 14 2 
0 3 3 18 5 
0 2 0 4 
0 3 8 7 1 
0 1 6 
0 2 22 6 
0 1 22 
0 3 2 12 11 
0 1 10 
0 2 23 10 
0 1 23 
0 3 3 15 16 
0 1 14 
0 2 14 24 
0 1 24 
0 3 4 19 20 
0 1 18 
0 2 25 18 
0 1 25 
0 2 8 9 
0 2 12 13 
0 2 17 16 
0 2 20 21 
8 2
0 2 1 2 
0 3 2 0 3 
0 2 1 0 
0 3 5 4 1 
0 1 3 
0 2 3 7 
0 1 7 
0 2 5 6 
8 2
0 2 1 2 
0 3 2 0 3 
0 2 1 0 
0 3 5 4 1 
0 1 3 
0 2 3 7 
0 1 7 
0 2 6 5 
19 2
0 2 1 3 
0 3 0 2 4 
0 3 3 8 1 
0 2 2 0 
0 3 5 6 1 
0 1 4 
0 2 12 4 
0 1 12 
0 3 2 10 9 
0 1 8 
0 2 13 8 
0 1 18 
0 2 7 6 
0 3 10 14 15 
0 1 13 
0 3 17 13 16 
0 2 18 15 
0 2 18 15 
0 3 17 11 16 
20 2
0 2 1 4 
0 3 0 5 2 
0 3 3 1 9 
0 3 2 13 4 
0 2 0 3 
0 3 1 6 7 
0 1 5 
0 2 17 5 
0 1 17 
0 3 10 2 11 
0 1 9 
0 2 18 9 
0 1 18 
0 3 3 14 15 
0 1 13 
0 2 19 13 
0 1 19 
0 2 7 8 
0 2 12 11 
0 2 16 15 
18 2
0 2 1 3 
0 3 0 2 4 
0 3 3 8 1 
0 2 2 0 
0 3 5 6 1 
0 1 4 
0 2 12 4 
0 1 12 
0 3 2 10 9 
0 1 8 
0 2 13 8 
0 1 17 
0 2 7 6 
0 3 10 14 17 
0 3 15 16 13 
0 1 14 
0 2 14 17 
0 3 11 16 13 
11 2
0 2 1 2 
0 3 2 0 3 
0 2 1 0 
0 3 5 4 1 
0 1 3 
0 2 3 7 
0 1 10 
0 3 9 5 8 
0 2 7 10 
0 2 7 10 
0 3 9 8 6 
14 2
0 2 3 1 
0 3 2 0 4 
0 3 8 1 3 
0 2 0 2 
0 3 6 5 1 
0 1 4 
0 2 4 12 
0 1 12 
0 3 2 10 9 
0 1 8 
0 2 8 13 
0 1 13 
0 2 6 7 
0 2 11 10 
10 2
0 2 1 2 
0 3 2 0 3 
0 2 1 0 
0 3 5 4 1 
0 1 3 
0 2 3 7 
0 1 9 
0 3 9 5 8 
0 1 7 
0 2 7 6 
8 2
0 2 1 2 
0 3 2 0 3 
0 2 1 0 
0 3 5 4 1 
0 1 3 
0 2 3 7 
0 1 7 
0 2 5 6 
8 2
0 2 1 2 
0 3 2 0 3 
0 2 1 0 
0 3 5 4 1 
0 1 3 
0 2 3 7 
0 1 7 
0 2 5 6 
