275
8 3
0 2 1 2 
0 3 0 3 2 
0 2 1 0 
0 3 5 1 4 
0 1 3 
0 2 3 7 
0 1 7 
0 2 5 6 
8 3
0 2 1 2 
0 3 0 3 2 
0 2 1 0 
0 3 5 1 4 
0 1 3 
0 2 3 7 
0 1 7 
0 2 5 6 
8 3
0 2 1 2 
0 3 0 3 2 
0 2 1 0 
0 3 5 1 4 
0 1 3 
0 2 7 3 
0 1 7 
0 2 5 6 
8 3
0 2 1 2 
0 3 0 3 2 
0 2 1 0 
0 3 5 1 4 
0 1 3 
0 2 3 7 
0 1 7 
0 2 5 6 
10 3
0 2 1 2 
0 3 0 3 2 
0 2 1 0 
0 3 5 1 4 
0 1 3 
0 2 7 3 
0 1 9 
0 3 5 8 9 
0 1 7 
0 2 6 7 
8 3
0 2 1 2 
0 3 0 3 2 
0 2 1 0 
0 3 5 1 4 
0 1 3 
0 2 3 7 
0 1 7 
0 2 5 6 
16 3
0 2 1 2 
0 3 0 3 2 
0 2 1 0 
0 3 1 4 5 
0 1 3 
0 2 7 3 
0 1 9 
0 2 5 10 
0 2 12 13 
0 2 15 6 
0 3 12 7 11 
0 1 10 
0 2 8 10 
0 3 8 15 14 
0 1 13 
0 2 9 13 
12 3
0 2 1 2 
0 3 0 3 2 
0 2 1 0 
0 3 1 4 5 
0 1 3 
0 2 7 3 
0 1 11 
0 3 5 9 8 
0 1 7 
0 3 7 10 11 
0 1 9 
0 2 6 9 
11 3
0 2 1 2 
0 3 0 3 2 
0 2 1 0 
0 2 1 5 
0 1 10 
0 2 3 6 
0 4 8 7 7 5 
0 2 6 6 
0 3 6 10 9 
0 2 8 10 
0 3 8 4 9 
18 3
0 2 1 3 
0 3 2 4 0 
0 3 1 8 3 
0 2 2 0 
0 3 1 5 6 
0 1 4 
0 2 12 4 
0 1 12 
0 3 9 10 2 
0 1 8 
0 2 8 13 
0 1 17 
0 2 6 7 
0 3 17 14 10 
0 3 15 16 13 
0 2 14 16 
0 3 14 17 15 
0 3 13 16 11 
13 3
0 2 2 1 
0 3 0 3 2 
0 2 0 1 
0 3 5 1 4 
0 1 3 
0 2 3 7 
0 1 12 
0 2 5 8 
0 4 11 9 7 10 
0 1 8 
0 3 12 11 8 
0 2 8 10 
0 2 10 6 
20 3
0 2 1 3 
0 3 2 4 0 
0 3 1 8 3 
0 2 2 0 
0 3 1 5 6 
0 1 4 
0 2 12 4 
0 1 18 
0 3 2 10 9 
0 1 8 
0 2 8 19 
0 1 19 
0 3 6 14 13 
0 1 12 
0 3 15 16 12 
0 1 14 
0 3 14 18 17 
0 1 16 
0 2 16 7 
0 2 11 10 
8 3
0 2 1 2 
0 3 0 3 2 
0 2 1 0 
0 3 5 1 4 
0 1 3 
0 2 7 3 
0 1 7 
0 2 6 5 
11 3
0 2 1 2 
0 3 0 3 2 
0 2 1 0 
0 3 1 4 5 
0 1 3 
0 2 7 3 
0 1 10 
0 3 8 9 5 
0 2 7 10 
0 2 7 10 
0 3 9 8 6 
10 3
0 2 1 2 
0 3 0 3 2 
0 2 1 0 
0 3 1 4 5 
0 1 3 
0 2 7 3 
0 1 9 
0 3 5 8 9 
0 1 7 
0 2 6 7 
16 3
0 2 1 3 
0 3 0 2 4 
0 3 8 3 1 
0 2 2 0 
0 3 6 1 5 
0 1 4 
0 2 4 12 
0 1 14 
0 3 2 9 10 
0 1 8 
0 2 8 15 
0 1 15 
0 3 13 14 6 
0 1 12 
0 2 12 7 
0 2 10 11 
16 3
0 2 1 3 
0 3 0 2 4 
0 3 3 1 8 
0 2 2 0 
0 3 6 1 5 
0 1 4 
0 2 12 4 
0 1 12 
0 3 2 9 10 
0 1 8 
0 2 13 8 
0 1 15 
0 2 7 6 
0 3 15 14 10 
0 1 13 
0 2 13 11 
24 3
0 2 4 1 
0 3 2 0 5 
0 3 1 9 3 
0 3 4 2 13 
0 2 0 3 
0 3 7 6 1 
0 1 5 
0 2 17 5 
0 1 17 
0 3 2 11 10 
0 1 9 
0 2 18 9 
0 1 22 
0 3 15 14 3 
0 1 13 
0 2 13 23 
0 1 23 
0 2 7 8 
0 3 11 19 20 
0 1 18 
0 3 21 18 22 
0 1 20 
0 2 12 20 
0 2 16 15 
16 3
0 2 1 3 
0 3 0 2 4 
0 3 3 1 8 
0 2 2 0 
0 3 6 1 5 
0 1 4 
0 2 12 4 
0 1 12 
0 3 9 2 10 
0 1 8 
0 2 13 8 
0 1 15 
0 2 7 6 
0 3 10 15 14 
0 1 13 
0 2 11 13 
22 3
0 2 4 1 
0 3 2 0 5 
0 3 1 9 3 
0 3 13 4 2 
0 2 0 3 
0 3 7 6 1 
0 1 5 
0 2 17 5 
0 1 17 
0 3 2 11 10 
0 1 9 
0 2 9 18 
0 1 20 
0 3 14 15 3 
0 1 13 
0 2 13 21 
0 1 21 
0 2 8 7 
0 3 11 20 19 
0 1 18 
0 2 12 18 
0 2 16 15 
24 3
0 2 4 1 
0 3 2 0 5 
0 3 1 9 3 
0 3 4 13 2 
0 2 0 3 
0 3 7 6 1 
0 1 5 
0 2 17 5 
0 1 17 
0 3 2 11 10 
0 1 9 
0 2 9 18 
0 1 22 
0 3 14 15 3 
0 1 13 
0 2 13 23 
0 1 23 
0 2 8 7 
0 3 19 20 11 
0 1 18 
0 3 18 21 22 
0 2 22 20 
0 3 21 12 20 
0 2 16 15 
14 3
0 2 3 1 
0 3 0 4 2 
0 3 8 3 1 
0 2 0 2 
0 3 5 1 6 
0 1 4 
0 2 12 4 
0 1 12 
0 3 2 10 9 
0 1 8 
0 2 8 13 
0 1 13 
0 2 6 7 
0 2 11 10 
10 3
0 2 1 2 
0 3 0 3 2 
0 2 1 0 
0 3 1 4 5 
0 1 3 
0 2 7 3 
0 1 9 
0 3 8 9 5 
0 1 7 
0 2 7 6 
10 3
0 2 1 2 
0 3 0 3 2 
0 2 1 0 
0 3 1 4 5 
0 1 3 
0 2 7 3 
0 1 9 
0 3 5 9 8 
0 1 7 
0 2 6 7 
16 3
0 2 1 3 
0 3 0 2 4 
0 3 8 3 1 
0 2 2 0 
0 3 6 1 5 
0 1 4 
0 2 4 12 
0 1 14 
0 3 2 9 10 
0 1 8 
0 2 8 15 
0 1 15 
0 3 13 14 6 
0 1 12 
0 2 12 7 
0 2 10 11 
8 3
0 2 1 2 
0 3 0 3 2 
0 2 1 0 
0 3 5 1 4 
0 1 3 
0 2 3 7 
0 1 7 
0 2 5 6 
17 3
0 2 3 1 
0 3 0 4 2 
0 3 8 3 1 
0 2 0 2 
0 3 5 1 6 
0 1 4 
0 2 12 4 
0 1 12 
0 3 2 10 9 
0 1 8 
0 2 8 13 
0 1 16 
0 2 6 7 
0 3 14 10 15 
0 2 16 13 
0 2 16 13 
0 3 14 11 15 
13 3
0 2 1 2 
0 3 0 3 2 
0 2 1 0 
0 3 1 4 5 
0 1 3 
0 2 7 3 
0 1 12 
0 3 5 8 11 
0 3 10 9 7 
0 2 8 12 
0 2 8 11 
0 3 7 10 12 
0 3 9 11 6 
14 3
0 2 3 1 
0 3 0 4 2 
0 3 8 3 1 
0 2 0 2 
0 3 5 1 6 
0 1 4 
0 2 12 4 
0 1 12 
0 3 2 10 9 
0 1 8 
0 2 8 13 
0 1 13 
0 2 6 7 
0 2 11 10 
18 3
0 2 1 3 
0 3 0 2 4 
0 3 8 3 1 
0 2 2 0 
0 3 6 1 5 
0 1 4 
0 2 12 4 
0 1 12 
0 3 2 10 9 
0 1 8 
0 2 13 8 
0 1 17 
0 2 6 7 
0 3 10 15 14 
0 1 13 
0 3 17 16 13 
0 1 15 
0 2 11 15 
10 3
0 2 1 2 
0 3 0 3 2 
0 2 1 0 
0 3 5 1 4 
0 1 3 
0 2 3 7 
0 1 9 
0 3 8 9 5 
0 1 7 
0 2 6 7 
24 3
0 2 4 1 
0 3 2 0 5 
0 3 1 9 3 
0 3 13 4 2 
0 2 0 3 
0 3 7 6 1 
0 1 5 
0 2 5 17 
0 1 17 
0 3 11 2 10 
0 1 9 
0 2 9 18 
0 1 18 
0 3 15 3 14 
0 1 13 
0 2 13 19 
0 1 23 
0 2 8 7 
0 2 11 12 
0 3 20 21 15 
0 1 19 
0 3 23 19 22 
0 1 21 
0 2 21 16 
18 3
0 2 3 1 
0 3 0 4 2 
0 3 8 3 1 
0 2 0 2 
0 3 5 1 6 
0 1 4 
0 2 12 4 
0 1 12 
0 3 2 10 9 
0 1 8 
0 2 8 13 
0 1 17 
0 2 6 7 
0 3 15 10 14 
0 1 13 
0 3 13 17 16 
0 1 15 
0 2 15 11 
16 3
0 2 1 3 
0 3 0 2 4 
0 3 3 1 8 
0 2 2 0 
0 3 6 1 5 
0 1 4 
0 2 12 4 
0 1 14 
0 3 10 9 2 
0 1 8 
0 2 15 8 
0 1 15 
0 3 6 14 13 
0 1 12 
0 2 7 12 
0 2 10 11 
32 3
0 2 5 1 
0 3 6 2 0 
0 3 1 3 10 
0 3 12 4 2 
0 3 5 3 16 
0 2 0 4 
0 3 1 7 8 
0 1 6 
0 2 6 20 
0 1 20 
0 2 21 2 
0 1 25 
0 3 13 14 3 
0 1 12 
0 2 12 26 
0 1 26 
0 3 17 18 4 
0 1 16 
0 2 27 16 
0 1 31 
0 2 9 8 
0 3 10 22 23 
0 1 21 
0 3 25 24 21 
0 1 23 
0 2 11 23 
0 2 14 15 
0 3 28 29 18 
0 1 27 
0 3 30 31 27 
0 1 29 
0 2 19 29 
38 3
0 2 4 1 
0 3 2 0 5 
0 3 1 9 3 
0 3 4 2 13 
0 2 0 3 
0 3 7 6 1 
0 1 5 
0 2 17 5 
0 1 17 
0 3 2 11 10 
0 1 9 
0 2 9 18 
0 0 
0 3 15 14 3 
0 1 13 
0 2 13 23 
0 1 23 
0 2 7 8 
0 2 24 11 
0 2 31 32 
0 2 34 32 
0 0 
0 0 
0 2 15 16 
0 3 26 18 25 
0 2 24 31 
0 3 24 27 28 
0 1 26 
0 3 26 29 30 
0 1 28 
0 2 31 28 
0 3 30 19 25 
0 4 34 33 19 20 
0 1 32 
0 2 32 20 
0 0 
0 0 
0 0 
10 3
0 2 1 2 
0 3 0 3 2 
0 2 1 0 
0 3 1 4 5 
0 1 3 
0 2 7 3 
0 1 9 
0 3 5 8 9 
0 1 7 
0 2 6 7 
12 3
0 2 1 2 
0 3 0 3 2 
0 2 1 0 
0 3 5 1 4 
0 1 3 
0 2 7 3 
0 1 8 
0 2 5 9 
0 2 6 11 
0 3 11 7 10 
0 1 9 
0 2 8 9 
10 3
0 2 1 2 
0 3 0 3 2 
0 2 1 0 
0 3 1 4 5 
0 1 3 
0 2 7 3 
0 1 9 
0 3 8 9 5 
0 1 7 
0 2 7 6 
12 3
0 2 1 2 
0 3 0 3 2 
0 2 1 0 
0 3 5 1 4 
0 1 3 
0 2 3 7 
0 1 8 
0 2 9 5 
0 2 11 6 
0 3 7 11 10 
0 1 9 
0 2 8 9 
12 3
0 2 1 2 
0 3 0 3 2 
0 2 1 0 
0 3 5 1 4 
0 1 3 
0 2 3 7 
0 1 8 
0 2 5 9 
0 2 11 6 
0 3 10 11 7 
0 1 9 
0 2 8 9 
12 3
0 2 1 2 
0 3 0 3 2 
0 2 1 0 
0 3 1 4 5 
0 1 3 
0 2 7 3 
0 1 11 
0 3 11 5 8 
0 3 9 10 7 
0 2 10 8 
0 3 9 11 8 
0 3 7 10 6 
12 3
0 2 1 2 
0 3 0 3 2 
0 2 1 0 
0 3 1 4 5 
0 1 3 
0 2 7 3 
0 1 11 
0 3 9 5 8 
0 1 7 
0 3 11 7 10 
0 1 9 
0 2 9 6 
15 3
0 2 1 2 
0 3 0 3 2 
0 2 1 0 
0 3 1 4 5 
0 1 3 
0 2 7 3 
0 1 14 
0 2 5 8 
0 4 9 9 7 10 
0 2 8 8 
0 3 12 11 8 
0 2 10 12 
0 4 10 14 13 11 
0 1 12 
0 2 12 6 
22 3
0 2 1 4 
0 3 5 0 2 
0 3 3 1 9 
0 3 13 4 2 
0 2 3 0 
0 3 1 6 7 
0 1 5 
0 2 5 17 
0 1 19 
0 3 11 10 2 
0 1 9 
0 2 9 20 
0 1 20 
0 3 3 15 14 
0 1 13 
0 2 21 13 
0 1 21 
0 3 18 19 7 
0 2 19 17 
0 3 18 8 17 
0 2 11 12 
0 2 16 15 
8 3
0 2 1 2 
0 3 0 3 2 
0 2 1 0 
0 3 5 1 4 
0 1 3 
0 2 3 7 
0 1 7 
0 2 5 6 
10 3
0 2 1 2 
0 3 0 3 2 
0 2 1 0 
0 3 5 1 4 
0 1 3 
0 2 3 7 
0 1 9 
0 3 9 8 5 
0 1 7 
0 2 7 6 
10 3
0 2 1 2 
0 3 0 3 2 
0 2 1 0 
0 3 1 4 5 
0 1 3 
0 2 7 3 
0 1 9 
0 3 9 5 8 
0 1 7 
0 2 6 7 
12 3
0 2 1 2 
0 3 0 3 2 
0 2 1 0 
0 3 5 1 4 
0 1 3 
0 2 3 7 
0 1 11 
0 3 8 11 5 
0 3 7 10 9 
0 1 8 
0 2 11 8 
0 3 10 7 6 
18 3
0 2 1 3 
0 3 0 2 4 
0 3 8 3 1 
0 2 2 0 
0 3 6 5 1 
0 1 4 
0 2 12 4 
0 1 12 
0 3 2 10 9 
0 1 8 
0 2 8 13 
0 1 14 
0 2 6 7 
0 2 15 10 
0 2 11 17 
0 3 13 16 17 
0 1 15 
0 2 14 15 
36 3
0 2 4 1 
0 3 2 0 5 
0 3 1 9 3 
0 3 4 13 2 
0 2 0 3 
0 3 7 6 1 
0 1 5 
0 2 5 17 
0 1 17 
0 3 11 2 10 
0 1 9 
0 2 9 18 
0 1 23 
0 3 15 14 3 
0 1 13 
0 2 24 13 
0 1 24 
0 2 8 7 
0 2 25 11 
0 3 27 22 20 
0 2 28 19 
0 2 35 23 
0 2 23 19 
0 3 22 21 12 
0 2 15 16 
0 3 18 26 27 
0 1 25 
0 2 19 25 
0 3 20 29 30 
0 2 35 28 
0 3 31 32 28 
0 1 30 
0 3 33 34 30 
0 1 32 
0 2 32 35 
0 3 34 29 21 
10 3
0 2 1 2 
0 3 0 3 2 
0 2 1 0 
0 3 5 1 4 
0 1 3 
0 2 3 7 
0 1 9 
0 3 9 5 8 
0 1 7 
0 2 7 6 
20 3
0 2 1 3 
0 3 2 4 0 
0 3 1 8 3 
0 2 2 0 
0 3 1 5 6 
0 1 4 
0 2 12 4 
0 1 12 
0 3 2 10 9 
0 1 8 
0 2 13 8 
0 1 16 
0 2 6 7 
0 3 14 10 15 
0 1 13 
0 2 17 13 
0 2 19 11 
0 3 18 15 19 
0 1 17 
0 2 16 17 
20 3
0 2 1 3 
0 3 2 4 0 
0 3 1 8 3 
0 2 2 0 
0 3 1 5 6 
0 1 4 
0 2 4 12 
0 1 12 
0 3 9 10 2 
0 1 8 
0 2 13 8 
0 1 16 
0 2 6 7 
0 2 10 17 
0 3 16 15 19 
0 2 16 14 
0 3 14 15 11 
0 3 19 18 13 
0 1 17 
0 2 17 14 
22 3
0 2 1 3 
0 3 2 4 0 
0 3 1 3 8 
0 2 2 0 
0 3 1 5 6 
0 1 4 
0 2 12 4 
0 1 14 
0 3 10 9 2 
0 1 8 
0 2 15 8 
0 1 15 
0 2 16 6 
0 2 18 19 
0 2 21 7 
0 2 10 11 
0 3 12 17 18 
0 1 16 
0 2 13 16 
0 3 20 21 13 
0 1 19 
0 2 19 14 
18 3
0 2 3 1 
0 3 0 4 2 
0 3 8 3 1 
0 2 0 2 
0 3 5 1 6 
0 1 4 
0 2 12 4 
0 1 12 
0 3 2 10 9 
0 1 8 
0 2 8 13 
0 1 14 
0 2 6 7 
0 2 10 15 
0 2 17 11 
0 3 16 17 13 
0 1 15 
0 2 14 15 
36 3
0 2 4 1 
0 3 2 0 5 
0 3 1 9 3 
0 3 13 4 2 
0 2 0 3 
0 3 7 6 1 
0 1 5 
0 2 5 17 
0 1 17 
0 3 11 2 10 
0 1 9 
0 2 9 18 
0 1 23 
0 3 15 3 14 
0 1 13 
0 2 13 24 
0 1 24 
0 2 8 7 
0 2 25 11 
0 3 27 22 20 
0 2 28 19 
0 2 23 35 
0 2 23 19 
0 3 12 22 21 
0 2 16 15 
0 3 27 18 26 
0 1 25 
0 2 25 19 
0 3 20 29 30 
0 2 28 35 
0 3 28 32 31 
0 1 30 
0 3 34 30 33 
0 1 32 
0 2 32 35 
0 3 29 34 21 
11 3
0 2 1 2 
0 3 0 3 2 
0 2 1 0 
0 3 1 4 5 
0 1 3 
0 2 7 3 
0 1 10 
0 3 8 9 5 
0 2 7 10 
0 2 7 10 
0 3 6 8 9 
11 3
0 2 1 2 
0 3 0 3 2 
0 2 1 0 
0 3 5 1 4 
0 1 3 
0 2 3 7 
0 1 10 
0 3 9 8 5 
0 2 10 7 
0 2 7 10 
0 3 9 8 6 
16 3
0 2 1 3 
0 3 0 2 4 
0 3 3 1 8 
0 2 2 0 
0 3 6 1 5 
0 1 4 
0 2 12 4 
0 1 12 
0 3 2 9 10 
0 1 8 
0 2 13 8 
0 1 15 
0 2 6 7 
0 3 10 15 14 
0 1 13 
0 2 13 11 
30 3
0 2 5 1 
0 3 6 2 0 
0 3 1 3 10 
0 3 4 14 2 
0 3 18 5 3 
0 2 0 4 
0 3 1 7 8 
0 1 6 
0 2 6 22 
0 1 22 
0 3 12 11 2 
0 1 10 
0 2 10 23 
0 1 23 
0 3 15 16 3 
0 1 14 
0 2 24 14 
0 1 24 
0 3 4 19 20 
0 1 18 
0 2 18 25 
0 1 26 
0 2 8 9 
0 2 13 12 
0 2 16 17 
0 2 20 27 
0 2 21 29 
0 3 29 28 25 
0 1 27 
0 2 27 26 
26 3
0 2 4 1 
0 3 2 0 5 
0 3 1 9 3 
0 3 13 4 2 
0 2 0 3 
0 3 7 6 1 
0 1 5 
0 2 17 5 
0 1 20 
0 3 11 2 10 
0 1 9 
0 2 21 9 
0 1 21 
0 3 14 3 15 
0 1 13 
0 2 22 13 
0 1 22 
0 3 7 19 18 
0 1 17 
0 2 17 23 
0 2 8 25 
0 2 11 12 
0 2 15 16 
0 3 19 24 25 
0 1 23 
0 2 20 23 
22 3
0 2 2 1 
0 3 3 2 0 
0 2 1 0 
0 3 1 5 4 
0 1 3 
0 2 3 7 
0 0 
0 2 11 5 
0 2 13 14 
0 2 11 21 
0 0 
0 4 13 9 7 12 
0 1 11 
0 2 11 8 
0 3 16 8 15 
0 2 21 14 
0 3 14 17 18 
0 1 16 
0 3 20 19 16 
0 1 18 
0 2 18 21 
0 3 15 9 20 
20 3
0 2 1 3 
0 3 2 4 0 
0 3 1 3 8 
0 2 2 0 
0 3 1 5 6 
0 1 4 
0 2 12 4 
0 1 15 
0 3 9 10 2 
0 1 8 
0 2 8 16 
0 1 16 
0 3 14 13 6 
0 1 12 
0 2 12 17 
0 2 7 19 
0 2 10 11 
0 3 18 19 14 
0 1 17 
0 2 15 17 
13 3
0 2 1 2 
0 3 0 3 2 
0 2 1 0 
0 3 5 1 4 
0 1 3 
0 2 3 7 
0 0 
0 2 10 5 
0 2 10 12 
0 0 
0 4 7 8 12 11 
0 1 10 
0 2 10 8 
26 3
0 2 4 1 
0 3 2 0 5 
0 3 1 9 3 
0 3 4 13 2 
0 2 0 3 
0 3 7 6 1 
0 1 5 
0 2 5 17 
0 1 17 
0 3 2 11 10 
0 1 9 
0 2 9 18 
0 1 18 
0 3 3 15 14 
0 1 13 
0 2 13 19 
0 1 22 
0 2 8 7 
0 2 12 11 
0 2 23 15 
0 3 21 22 25 
0 2 22 20 
0 3 21 20 16 
0 3 25 24 19 
0 1 23 
0 2 23 20 
33 3
0 2 5 1 
0 3 6 2 0 
0 3 1 3 10 
0 3 4 14 2 
0 3 18 5 3 
0 2 0 4 
0 3 1 7 8 
0 1 6 
0 2 6 22 
0 0 
0 3 12 11 2 
0 1 10 
0 2 10 27 
0 1 27 
0 3 15 16 3 
0 1 14 
0 2 28 14 
0 1 28 
0 3 4 19 20 
0 1 18 
0 2 18 29 
0 1 29 
0 2 8 30 
0 2 32 30 
0 0 
0 0 
0 0 
0 2 13 12 
0 2 16 17 
0 2 21 20 
0 4 32 31 23 22 
0 1 30 
0 2 30 23 
14 3
0 2 3 1 
0 3 0 4 2 
0 3 3 1 8 
0 2 0 2 
0 3 5 1 6 
0 1 4 
0 2 12 4 
0 1 12 
0 3 10 9 2 
0 1 8 
0 2 8 13 
0 1 13 
0 2 6 7 
0 2 10 11 
20 3
0 2 1 3 
0 3 2 4 0 
0 3 1 8 3 
0 2 2 0 
0 3 1 5 6 
0 1 4 
0 2 4 12 
0 1 12 
0 3 2 10 9 
0 1 8 
0 2 13 8 
0 1 16 
0 2 7 6 
0 3 14 15 10 
0 1 13 
0 2 17 13 
0 2 11 19 
0 3 15 18 19 
0 1 17 
0 2 16 17 
24 3
0 2 4 1 
0 3 2 0 5 
0 3 1 9 3 
0 3 4 13 2 
0 2 0 3 
0 3 7 6 1 
0 1 5 
0 2 17 5 
0 1 17 
0 3 2 11 10 
0 1 9 
0 2 18 9 
0 1 18 
0 3 3 15 14 
0 1 13 
0 2 19 13 
0 1 20 
0 2 7 8 
0 2 11 12 
0 2 21 15 
0 2 23 16 
0 3 23 19 22 
0 1 21 
0 2 21 20 
26 3
0 2 1 3 
0 3 2 4 0 
0 3 1 8 3 
0 2 2 0 
0 3 1 5 6 
0 1 4 
0 2 12 4 
0 1 12 
0 3 9 10 2 
0 1 8 
0 2 13 8 
0 1 19 
0 2 7 6 
0 3 10 15 14 
0 1 13 
0 2 13 20 
0 2 22 23 
0 3 25 19 18 
0 1 17 
0 2 17 11 
0 3 15 21 22 
0 1 20 
0 2 16 20 
0 3 25 24 16 
0 1 23 
0 2 23 17 
29 3
0 2 1 3 
0 3 2 4 0 
0 3 1 8 3 
0 2 2 0 
0 3 1 5 6 
0 1 4 
0 2 12 4 
0 1 12 
0 3 2 10 9 
0 1 8 
0 2 13 8 
0 1 17 
0 2 6 7 
0 2 18 10 
0 2 20 21 
0 3 17 16 28 
0 2 17 15 
0 3 15 16 11 
0 3 13 20 19 
0 1 18 
0 2 14 18 
0 3 14 22 23 
0 2 21 28 
0 3 25 24 21 
0 1 23 
0 3 23 26 27 
0 1 25 
0 2 25 28 
0 3 22 15 27 
36 3
0 2 1 3 
0 3 2 4 0 
0 3 1 8 3 
0 2 2 0 
0 3 1 5 6 
0 1 4 
0 2 12 4 
0 1 12 
0 3 2 10 9 
0 1 8 
0 2 13 8 
0 1 21 
0 2 6 7 
0 2 22 10 
0 3 16 15 24 
0 1 14 
0 2 14 25 
0 3 18 20 27 
0 2 28 17 
0 2 21 35 
0 2 21 17 
0 3 20 19 11 
0 3 13 23 24 
0 1 22 
0 2 22 14 
0 3 27 16 26 
0 1 25 
0 2 25 17 
0 3 18 29 30 
0 2 35 28 
0 3 32 28 31 
0 1 30 
0 3 34 33 30 
0 1 32 
0 2 32 35 
0 3 29 19 34 
24 3
0 2 4 1 
0 3 2 0 5 
0 3 1 9 3 
0 3 13 4 2 
0 2 0 3 
0 3 7 6 1 
0 1 5 
0 2 17 5 
0 1 17 
0 3 11 2 10 
0 1 9 
0 2 9 18 
0 1 18 
0 3 14 3 15 
0 1 13 
0 2 19 13 
0 1 20 
0 2 7 8 
0 2 11 12 
0 2 21 15 
0 2 23 16 
0 3 19 23 22 
0 1 21 
0 2 20 21 
13 3
0 2 1 2 
0 3 0 3 2 
0 2 1 0 
0 3 5 1 4 
0 1 3 
0 2 7 3 
0 0 
0 2 5 10 
0 2 12 10 
0 0 
0 4 7 12 11 8 
0 1 10 
0 2 8 10 
45 3
0 2 5 1 
0 3 6 2 0 
0 3 1 3 10 
0 3 4 14 2 
0 3 18 5 3 
0 2 0 4 
0 3 1 7 8 
0 1 6 
0 2 6 22 
0 1 22 
0 3 12 11 2 
0 1 10 
0 2 10 23 
0 1 28 
0 3 15 16 3 
0 1 14 
0 2 29 14 
0 1 29 
0 3 4 19 20 
0 1 18 
0 2 30 18 
0 1 30 
0 2 8 9 
0 2 31 12 
0 3 33 26 25 
0 1 24 
0 2 24 34 
0 2 37 36 
0 2 13 44 
0 2 16 17 
0 2 21 20 
0 3 33 23 32 
0 1 31 
0 2 24 31 
0 3 26 36 35 
0 1 34 
0 2 34 27 
0 3 27 38 39 
0 2 37 44 
0 3 37 41 40 
0 1 39 
0 3 43 39 42 
0 1 41 
0 2 41 44 
0 3 28 43 38 
35 3
0 2 5 1 
0 3 6 2 0 
0 3 1 3 10 
0 3 14 4 2 
0 3 18 5 3 
0 2 0 4 
0 3 1 7 8 
0 1 6 
0 2 6 22 
0 1 22 
0 3 12 11 2 
0 1 10 
0 2 23 10 
0 1 23 
0 3 3 15 16 
0 1 14 
0 2 24 14 
0 0 
0 3 20 4 19 
0 1 18 
0 2 18 28 
0 1 28 
0 2 9 8 
0 2 12 13 
0 2 16 29 
0 2 31 32 
0 2 29 34 
0 0 
0 2 21 20 
0 4 26 30 31 24 
0 1 29 
0 2 25 29 
0 3 34 33 25 
0 1 32 
0 2 26 32 
16 3
0 2 1 3 
0 3 0 2 4 
0 3 3 1 8 
0 2 2 0 
0 3 6 1 5 
0 1 4 
0 2 12 4 
0 1 12 
0 3 2 9 10 
0 1 8 
0 2 13 8 
0 1 15 
0 2 7 6 
0 3 15 14 10 
0 1 13 
0 2 13 11 
10 3
0 2 1 2 
0 3 0 3 2 
0 2 1 0 
0 3 1 4 5 
0 1 3 
0 2 3 7 
0 1 9 
0 3 8 5 9 
0 1 7 
0 2 6 7 
10 3
0 2 1 2 
0 3 0 3 2 
0 2 1 0 
0 3 1 4 5 
0 1 3 
0 2 3 7 
0 1 9 
0 3 9 8 5 
0 1 7 
0 2 7 6 
22 3
0 2 4 1 
0 3 2 0 5 
0 3 1 9 3 
0 3 4 13 2 
0 2 0 3 
0 3 7 6 1 
0 1 5 
0 2 5 17 
0 1 19 
0 3 11 2 10 
0 1 9 
0 2 20 9 
0 1 20 
0 3 14 15 3 
0 1 13 
0 2 13 21 
0 1 21 
0 3 18 19 7 
0 1 17 
0 2 17 8 
0 2 11 12 
0 2 16 15 
14 3
0 2 1 3 
0 3 0 2 4 
0 3 3 1 8 
0 2 2 0 
0 3 6 1 5 
0 1 4 
0 2 4 12 
0 1 12 
0 3 10 9 2 
0 1 8 
0 2 8 13 
0 1 13 
0 2 7 6 
0 2 10 11 
16 3
0 2 1 3 
0 3 0 2 4 
0 3 3 1 8 
0 2 2 0 
0 3 6 1 5 
0 1 4 
0 2 4 12 
0 1 12 
0 3 2 9 10 
0 1 8 
0 2 13 8 
0 1 15 
0 2 7 6 
0 3 15 14 10 
0 1 13 
0 2 11 13 
14 3
0 2 1 3 
0 3 0 2 4 
0 3 6 3 1 
0 2 2 0 
0 2 10 1 
0 1 12 
0 3 2 8 7 
0 1 6 
0 2 13 6 
0 1 13 
0 3 4 11 12 
0 2 12 10 
0 3 11 5 10 
0 2 8 9 
19 3
0 2 1 3 
0 3 2 4 0 
0 3 1 8 3 
0 2 2 0 
0 3 1 5 6 
0 1 4 
0 2 10 4 
0 1 10 
0 2 11 2 
0 1 18 
0 2 7 6 
0 2 8 12 
0 4 13 14 11 13 
0 2 12 12 
0 3 15 12 16 
0 2 16 14 
0 4 15 14 18 17 
0 1 16 
0 2 9 16 
16 3
0 2 1 3 
0 3 0 2 4 
0 3 3 1 8 
0 2 2 0 
0 3 6 1 5 
0 1 4 
0 2 12 4 
0 1 12 
0 3 2 9 10 
0 1 8 
0 2 13 8 
0 1 15 
0 2 7 6 
0 3 15 14 10 
0 1 13 
0 2 13 11 
8 3
0 2 1 2 
0 3 0 3 2 
0 2 1 0 
0 2 5 1 
0 1 7 
0 3 7 6 3 
0 2 5 7 
0 3 5 4 6 
19 3
0 2 1 3 
0 3 2 4 0 
0 3 1 8 3 
0 2 2 0 
0 3 1 5 6 
0 1 4 
0 2 4 12 
0 1 12 
0 3 9 10 2 
0 1 8 
0 2 13 8 
0 1 18 
0 2 7 6 
0 3 10 15 14 
0 1 13 
0 3 16 17 13 
0 2 18 15 
0 2 15 18 
0 3 16 11 17 
24 3
0 2 4 1 
0 3 2 0 5 
0 3 1 9 3 
0 3 4 13 2 
0 2 0 3 
0 3 7 6 1 
0 1 5 
0 2 5 17 
0 1 21 
0 3 11 2 10 
0 1 9 
0 2 22 9 
0 1 22 
0 3 14 15 3 
0 1 13 
0 2 13 23 
0 1 23 
0 3 18 19 7 
0 1 17 
0 3 20 21 17 
0 1 19 
0 2 19 8 
0 2 12 11 
0 2 16 15 
16 3
0 2 1 3 
0 3 0 2 4 
0 3 3 1 8 
0 2 2 0 
0 3 6 1 5 
0 1 4 
0 2 4 12 
0 1 12 
0 3 2 9 10 
0 1 8 
0 2 13 8 
0 1 15 
0 2 7 6 
0 3 14 15 10 
0 2 13 15 
0 3 14 13 11 
14 3
0 2 1 3 
0 3 0 2 4 
0 3 3 1 8 
0 2 2 0 
0 3 6 1 5 
0 1 4 
0 2 4 10 
0 1 10 
0 2 11 2 
0 1 13 
0 2 7 6 
0 3 13 8 12 
0 1 11 
0 2 11 9 
10 3
0 2 1 2 
0 3 0 3 2 
0 2 1 0 
0 3 5 1 4 
0 1 3 
0 2 3 7 
0 1 9 
0 3 9 5 8 
0 1 7 
0 2 7 6 
16 3
0 2 1 3 
0 3 0 2 4 
0 3 8 3 1 
0 2 2 0 
0 3 6 1 5 
0 1 4 
0 2 12 4 
0 1 12 
0 3 2 10 9 
0 1 8 
0 2 13 8 
0 1 15 
0 2 7 6 
0 3 10 14 15 
0 2 13 15 
0 3 13 11 14 
32 3
0 2 6 1 
0 3 2 7 0 
0 3 1 11 3 
0 3 4 15 2 
0 3 5 3 19 
0 3 23 6 4 
0 2 0 5 
0 3 1 8 9 
0 1 7 
0 2 27 7 
0 1 27 
0 3 12 13 2 
0 1 11 
0 2 11 28 
0 1 28 
0 3 17 16 3 
0 1 15 
0 2 29 15 
0 1 29 
0 3 20 21 4 
0 1 19 
0 2 30 19 
0 1 30 
0 3 25 5 24 
0 1 23 
0 2 23 31 
0 1 31 
0 2 10 9 
0 2 14 13 
0 2 17 18 
0 2 21 22 
0 2 26 25 
20 3
0 2 2 1 
0 3 3 2 0 
0 2 1 0 
0 3 1 5 4 
0 1 3 
0 2 3 7 
0 1 13 
0 3 9 5 8 
0 1 7 
0 2 7 14 
0 3 12 11 16 
0 1 10 
0 2 10 17 
0 2 19 6 
0 3 15 16 9 
0 1 14 
0 2 14 10 
0 3 18 19 12 
0 1 17 
0 2 13 17 
44 3
0 2 5 1 
0 3 6 2 0 
0 3 1 3 10 
0 3 4 14 2 
0 3 18 5 3 
0 2 0 4 
0 3 1 7 8 
0 1 6 
0 2 6 22 
0 1 22 
0 3 12 11 2 
0 1 10 
0 2 10 23 
0 1 23 
0 3 15 16 3 
0 1 14 
0 2 24 14 
0 1 24 
0 3 4 19 20 
0 1 18 
0 2 18 25 
0 0 
0 2 8 9 
0 2 13 12 
0 2 16 17 
0 2 33 20 
0 3 35 28 27 
0 1 26 
0 2 26 36 
0 3 30 43 31 
0 1 29 
0 2 33 29 
0 0 
0 4 34 25 35 31 
0 1 33 
0 2 26 33 
0 3 28 38 37 
0 2 43 36 
0 3 40 39 36 
0 1 38 
0 3 38 41 42 
0 1 40 
0 2 40 43 
0 3 29 42 37 
22 3
0 2 1 3 
0 3 2 4 0 
0 3 1 8 3 
0 2 2 0 
0 3 1 5 6 
0 1 4 
0 2 12 4 
0 1 17 
0 3 9 2 10 
0 1 8 
0 2 8 18 
0 1 18 
0 3 13 6 14 
0 1 12 
0 3 16 15 12 
0 1 14 
0 2 14 19 
0 2 21 7 
0 2 10 11 
0 3 16 20 21 
0 1 19 
0 2 17 19 
8 3
0 2 1 2 
0 3 0 3 2 
0 2 1 0 
0 3 5 1 4 
0 1 3 
0 2 7 3 
0 1 7 
0 2 6 5 
23 3
0 2 2 1 
0 3 3 2 0 
0 2 1 0 
0 3 1 5 4 
0 1 3 
0 2 7 3 
0 1 16 
0 3 5 8 9 
0 1 7 
0 2 17 7 
0 2 19 20 
0 2 22 12 
0 4 13 11 13 14 
0 2 12 12 
0 3 16 15 12 
0 2 16 14 
0 3 15 14 6 
0 3 9 18 19 
0 1 17 
0 2 17 10 
0 3 21 10 22 
0 1 20 
0 2 11 20 
14 3
0 2 1 2 
0 3 0 3 2 
0 2 1 0 
0 3 5 1 4 
0 1 3 
0 2 3 7 
0 1 10 
0 2 11 5 
0 3 9 13 10 
0 1 8 
0 2 6 8 
0 3 12 7 13 
0 1 11 
0 2 11 8 
23 3
0 2 2 1 
0 3 3 2 0 
0 2 1 0 
0 3 1 5 4 
0 1 3 
0 2 3 7 
0 1 11 
0 2 12 5 
0 2 19 20 
0 3 22 11 10 
0 1 9 
0 2 6 9 
0 3 14 7 13 
0 2 12 19 
0 3 12 15 16 
0 1 14 
0 3 18 17 14 
0 1 16 
0 2 16 19 
0 3 8 13 18 
0 3 21 22 8 
0 1 20 
0 2 9 20 
20 3
0 2 1 3 
0 3 2 4 0 
0 3 1 6 3 
0 2 2 0 
0 2 10 1 
0 1 15 
0 3 8 2 7 
0 1 6 
0 2 6 16 
0 1 16 
0 3 4 11 15 
0 3 12 10 14 
0 2 11 17 
0 2 19 14 
0 3 11 15 13 
0 3 14 5 10 
0 2 9 8 
0 3 18 12 19 
0 1 17 
0 2 13 17 
16 3
0 2 1 3 
0 3 0 2 4 
0 3 3 1 8 
0 2 2 0 
0 3 6 1 5 
0 1 4 
0 2 4 12 
0 1 12 
0 3 2 9 10 
0 1 8 
0 2 13 8 
0 1 15 
0 2 7 6 
0 3 14 15 10 
0 2 13 15 
0 3 14 13 11 
20 3
0 2 1 3 
0 3 2 4 0 
0 3 1 6 3 
0 2 2 0 
0 2 10 1 
0 1 15 
0 3 8 2 7 
0 1 6 
0 2 6 16 
0 1 16 
0 3 4 11 15 
0 3 12 10 14 
0 2 11 17 
0 2 19 14 
0 3 11 15 13 
0 3 14 5 10 
0 2 9 8 
0 3 18 12 19 
0 1 17 
0 2 13 17 
20 3
0 2 1 3 
0 3 2 4 0 
0 3 1 8 3 
0 2 2 0 
0 3 1 5 6 
0 1 4 
0 2 10 4 
0 1 10 
0 2 11 2 
0 1 16 
0 2 7 6 
0 3 12 8 16 
0 3 15 11 13 
0 2 12 17 
0 2 15 19 
0 3 12 14 16 
0 3 9 11 15 
0 3 18 19 13 
0 1 17 
0 2 14 17 
18 3
0 2 1 2 
0 3 0 3 2 
0 2 1 0 
0 3 1 4 5 
0 1 3 
0 2 7 3 
0 1 11 
0 2 5 12 
0 2 15 14 
0 3 10 17 11 
0 1 9 
0 2 6 9 
0 3 13 7 14 
0 1 12 
0 2 8 12 
0 3 8 16 17 
0 1 15 
0 2 9 15 
22 3
0 2 1 3 
0 3 2 4 0 
0 3 1 8 3 
0 2 2 0 
0 3 1 5 6 
0 1 4 
0 2 12 4 
0 1 12 
0 3 9 10 2 
0 1 8 
0 2 8 13 
0 1 18 
0 2 6 7 
0 3 18 14 10 
0 3 13 17 15 
0 2 19 14 
0 2 21 17 
0 3 18 14 16 
0 3 13 11 17 
0 3 15 20 21 
0 1 19 
0 2 16 19 
26 3
0 2 4 1 
0 3 2 0 5 
0 3 1 9 3 
0 3 13 4 2 
0 2 0 3 
0 3 7 6 1 
0 1 5 
0 2 17 5 
0 1 20 
0 3 2 11 10 
0 1 9 
0 2 21 9 
0 1 21 
0 3 3 15 14 
0 1 13 
0 2 22 13 
0 1 22 
0 3 7 18 19 
0 1 17 
0 2 23 17 
0 2 8 25 
0 2 12 11 
0 2 15 16 
0 3 24 25 19 
0 1 23 
0 2 20 23 
34 3
0 2 5 1 
0 3 6 2 0 
0 3 10 1 3 
0 3 14 4 2 
0 3 18 5 3 
0 2 0 4 
0 3 1 7 8 
0 1 6 
0 2 6 22 
0 1 27 
0 3 2 11 12 
0 1 10 
0 2 10 28 
0 1 28 
0 3 3 16 15 
0 1 14 
0 2 29 14 
0 1 29 
0 3 19 20 4 
0 1 18 
0 2 18 30 
0 1 30 
0 3 8 23 24 
0 2 24 22 
0 4 23 26 25 22 
0 1 24 
0 2 31 24 
0 2 9 33 
0 2 12 13 
0 2 16 17 
0 2 20 21 
0 3 26 33 32 
0 1 31 
0 2 31 27 
26 3
0 2 4 1 
0 3 2 0 5 
0 3 1 9 3 
0 3 13 4 2 
0 2 0 3 
0 3 7 6 1 
0 1 5 
0 2 5 17 
0 1 17 
0 3 2 11 10 
0 1 9 
0 2 18 9 
0 1 18 
0 3 15 3 14 
0 1 13 
0 2 13 19 
0 1 22 
0 2 8 7 
0 2 11 12 
0 3 20 15 22 
0 2 19 23 
0 2 25 22 
0 3 21 19 16 
0 3 24 25 20 
0 1 23 
0 2 21 23 
36 3
0 2 6 1 
0 3 2 7 0 
0 3 11 1 3 
0 3 4 15 2 
0 3 19 5 3 
0 3 6 23 4 
0 2 0 5 
0 3 1 8 9 
0 1 7 
0 2 27 7 
0 1 27 
0 3 13 2 12 
0 1 11 
0 2 11 28 
0 1 32 
0 3 16 17 3 
0 1 15 
0 2 15 33 
0 1 33 
0 3 4 21 20 
0 1 19 
0 2 34 19 
0 1 34 
0 3 25 24 5 
0 1 23 
0 2 23 35 
0 1 35 
0 2 10 9 
0 3 29 13 30 
0 1 28 
0 3 31 28 32 
0 1 30 
0 2 30 14 
0 2 18 17 
0 2 21 22 
0 2 26 25 
41 3
0 2 5 1 
0 3 6 2 0 
0 3 1 10 3 
0 3 14 4 2 
0 3 23 5 3 
0 2 0 4 
0 3 1 7 8 
0 1 6 
0 2 6 25 
0 1 25 
0 3 12 2 11 
0 1 10 
0 2 10 26 
0 1 26 
0 3 3 15 16 
0 1 14 
0 2 14 27 
0 2 33 18 
0 4 17 20 19 19 
0 2 18 18 
0 3 21 18 22 
0 2 20 22 
0 2 21 20 
0 2 4 34 
0 1 37 
0 2 8 9 
0 2 13 12 
0 3 28 33 16 
0 3 29 27 30 
0 2 28 33 
0 2 28 31 
0 4 31 31 30 32 
0 2 33 31 
0 4 17 29 32 27 
0 3 23 35 36 
0 1 34 
0 2 38 34 
0 2 24 40 
0 3 36 40 39 
0 1 38 
0 2 38 37 
17 3
0 2 2 1 
0 3 0 3 2 
0 2 0 1 
0 3 5 1 4 
0 1 3 
0 2 3 7 
0 1 13 
0 2 8 5 
0 4 7 9 12 10 
0 1 8 
0 3 11 13 8 
0 2 14 10 
0 2 16 8 
0 2 6 10 
0 3 11 15 16 
0 1 14 
0 2 12 14 
16 3
0 2 1 2 
0 3 0 3 2 
0 2 1 0 
0 3 1 4 5 
0 1 3 
0 2 7 3 
0 1 12 
0 3 9 5 8 
0 1 7 
0 2 7 13 
0 3 15 11 12 
0 1 10 
0 2 10 6 
0 3 9 15 14 
0 1 13 
0 2 10 13 
30 3
0 2 4 1 
0 3 2 0 5 
0 3 1 9 3 
0 3 4 13 2 
0 2 0 3 
0 3 7 6 1 
0 1 5 
0 2 5 17 
0 1 24 
0 3 11 2 10 
0 1 9 
0 2 9 25 
0 1 25 
0 3 14 15 3 
0 1 13 
0 2 13 26 
0 1 26 
0 3 18 7 19 
0 1 17 
0 3 21 20 17 
0 1 19 
0 3 22 19 23 
0 1 21 
0 2 27 21 
0 2 29 8 
0 2 12 11 
0 2 16 15 
0 3 23 28 29 
0 1 27 
0 2 24 27 
16 3
0 2 3 1 
0 3 0 4 2 
0 3 8 3 1 
0 2 0 2 
0 3 5 1 6 
0 1 4 
0 2 12 4 
0 1 12 
0 3 2 10 9 
0 1 8 
0 2 8 13 
0 1 15 
0 2 6 7 
0 3 15 10 14 
0 1 13 
0 2 13 11 
10 3
0 2 1 2 
0 3 0 3 2 
0 2 1 0 
0 3 5 1 4 
0 1 3 
0 2 3 7 
0 1 9 
0 3 9 5 8 
0 1 7 
0 2 7 6 
18 3
0 2 3 1 
0 3 0 4 2 
0 3 8 3 1 
0 2 0 2 
0 3 5 1 6 
0 1 4 
0 2 12 4 
0 1 12 
0 3 2 10 9 
0 1 8 
0 2 8 13 
0 1 17 
0 2 6 7 
0 3 14 15 10 
0 1 13 
0 3 17 13 16 
0 1 15 
0 2 15 11 
18 3
0 2 1 3 
0 3 0 2 4 
0 3 3 1 8 
0 2 2 0 
0 3 6 1 5 
0 1 4 
0 2 4 12 
0 1 12 
0 3 2 9 10 
0 1 8 
0 2 13 8 
0 1 17 
0 2 6 7 
0 3 14 10 15 
0 1 13 
0 3 17 13 16 
0 1 15 
0 2 11 15 
14 3
0 2 1 3 
0 3 0 2 4 
0 3 3 1 8 
0 2 2 0 
0 3 6 1 5 
0 1 4 
0 2 12 4 
0 1 12 
0 3 2 9 10 
0 1 8 
0 2 13 8 
0 1 13 
0 2 6 7 
0 2 10 11 
16 3
0 2 1 3 
0 3 0 2 4 
0 3 3 1 8 
0 2 2 0 
0 3 6 1 5 
0 1 4 
0 2 12 4 
0 1 14 
0 3 10 2 9 
0 1 8 
0 2 15 8 
0 1 15 
0 3 13 14 6 
0 1 12 
0 2 12 7 
0 2 10 11 
12 3
0 2 1 2 
0 3 0 3 2 
0 2 1 0 
0 3 1 4 5 
0 1 3 
0 2 7 3 
0 1 11 
0 3 9 5 8 
0 1 7 
0 3 7 10 11 
0 1 9 
0 2 6 9 
16 3
0 2 1 3 
0 3 0 2 4 
0 3 3 1 8 
0 2 2 0 
0 3 6 1 5 
0 1 4 
0 2 12 4 
0 1 12 
0 3 9 2 10 
0 1 8 
0 2 13 8 
0 1 15 
0 2 7 6 
0 3 10 15 14 
0 1 13 
0 2 11 13 
10 3
0 2 1 2 
0 3 0 3 2 
0 2 1 0 
0 3 5 1 4 
0 1 3 
0 2 3 7 
0 1 9 
0 3 9 5 8 
0 1 7 
0 2 7 6 
14 3
0 2 3 1 
0 3 0 4 2 
0 3 8 3 1 
0 2 0 2 
0 3 5 1 6 
0 1 4 
0 2 12 4 
0 1 12 
0 3 9 2 10 
0 1 8 
0 2 13 8 
0 1 13 
0 2 7 6 
0 2 10 11 
23 3
0 2 4 1 
0 3 2 0 5 
0 3 1 9 3 
0 3 13 4 2 
0 2 0 3 
0 3 7 6 1 
0 1 5 
0 2 5 17 
0 1 17 
0 3 11 2 10 
0 1 9 
0 2 9 18 
0 1 21 
0 3 15 3 14 
0 1 13 
0 2 13 22 
0 1 22 
0 2 8 7 
0 3 20 11 19 
0 2 21 18 
0 2 18 21 
0 3 19 12 20 
0 2 15 16 
8 3
0 2 1 2 
0 3 0 3 2 
0 2 1 0 
0 3 5 1 4 
0 1 3 
0 2 3 7 
0 1 7 
0 2 5 6 
10 3
0 2 2 1 
0 3 0 3 2 
0 2 0 1 
0 3 5 1 4 
0 1 3 
0 2 3 7 
0 1 9 
0 3 8 5 9 
0 1 7 
0 2 6 7 
8 3
0 2 1 2 
0 3 0 3 2 
0 2 1 0 
0 3 5 1 4 
0 1 3 
0 2 7 3 
0 1 7 
0 2 6 5 
14 3
0 2 3 1 
0 3 0 4 2 
0 3 8 3 1 
0 2 0 2 
0 3 5 1 6 
0 1 4 
0 2 12 4 
0 1 12 
0 3 2 10 9 
0 1 8 
0 2 8 13 
0 1 13 
0 2 6 7 
0 2 11 10 
8 3
0 2 1 2 
0 3 0 3 2 
0 2 1 0 
0 3 5 1 4 
0 1 3 
0 2 3 7 
0 1 7 
0 2 5 6 
11 3
0 2 1 2 
0 3 0 3 2 
0 2 1 0 
0 3 5 4 1 
0 1 3 
0 2 3 7 
0 1 10 
0 3 9 5 8 
0 2 10 7 
0 2 7 10 
0 3 9 6 8 
17 3
0 2 3 1 
0 3 0 4 2 
0 3 8 3 1 
0 2 0 2 
0 3 5 1 6 
0 1 4 
0 2 12 4 
0 1 15 
0 3 2 10 9 
0 1 8 
0 2 8 16 
0 1 16 
0 3 6 14 13 
0 2 15 12 
0 2 12 15 
0 3 14 7 13 
0 2 10 11 
22 3
0 2 4 1 
0 3 2 0 5 
0 3 1 9 3 
0 3 13 4 2 
0 2 0 3 
0 3 7 6 1 
0 1 5 
0 2 17 5 
0 1 17 
0 3 11 2 10 
0 1 9 
0 2 9 18 
0 1 20 
0 3 14 3 15 
0 1 13 
0 2 13 21 
0 1 21 
0 2 7 8 
0 3 20 11 19 
0 2 20 18 
0 3 18 19 12 
0 2 16 15 
19 3
0 2 1 3 
0 3 2 4 0 
0 3 1 8 3 
0 2 2 0 
0 3 1 5 6 
0 1 4 
0 2 4 10 
0 1 10 
0 2 11 2 
0 1 18 
0 2 7 6 
0 3 12 8 13 
0 1 11 
0 2 11 14 
0 4 16 15 15 13 
0 2 14 14 
0 3 17 14 18 
0 2 18 16 
0 3 17 16 9 
6 3
0 2 2 1 
0 3 0 3 2 
0 2 0 1 
0 2 1 5 
0 1 5 
0 2 4 3 
10 3
0 2 1 2 
0 3 0 3 2 
0 2 1 0 
0 3 5 1 4 
0 1 3 
0 2 3 7 
0 1 9 
0 3 9 8 5 
0 1 7 
0 2 7 6 
11 3
0 2 1 2 
0 3 0 3 2 
0 2 1 0 
0 3 5 1 4 
0 1 3 
0 2 3 7 
0 1 10 
0 2 5 8 
0 4 9 9 10 7 
0 2 8 8 
0 2 6 8 
26 3
0 2 5 1 
0 3 6 2 0 
0 3 1 3 10 
0 3 4 14 2 
0 3 18 5 3 
0 2 0 4 
0 3 1 7 8 
0 1 6 
0 2 6 22 
0 1 22 
0 3 12 11 2 
0 1 10 
0 2 10 23 
0 1 23 
0 3 15 16 3 
0 1 14 
0 2 24 14 
0 1 24 
0 3 4 19 20 
0 1 18 
0 2 18 25 
0 1 25 
0 2 8 9 
0 2 13 12 
0 2 16 17 
0 2 21 20 
10 3
0 2 1 2 
0 3 0 3 2 
0 2 1 0 
0 3 5 1 4 
0 1 3 
0 2 3 7 
0 1 9 
0 3 8 9 5 
0 1 7 
0 2 7 6 
16 3
0 2 3 1 
0 3 0 4 2 
0 3 8 3 1 
0 2 0 2 
0 3 5 1 6 
0 1 4 
0 2 12 4 
0 1 12 
0 3 2 10 9 
0 1 8 
0 2 8 13 
0 1 15 
0 2 6 7 
0 3 14 15 10 
0 1 13 
0 2 13 11 
16 3
0 2 3 1 
0 3 0 2 4 
0 3 8 1 3 
0 2 0 2 
0 3 5 6 1 
0 1 4 
0 2 4 12 
0 1 12 
0 3 2 9 10 
0 1 8 
0 2 13 8 
0 1 15 
0 2 7 6 
0 3 10 14 15 
0 1 13 
0 2 11 13 
14 3
0 2 3 1 
0 3 0 4 2 
0 3 8 3 1 
0 2 0 2 
0 3 5 1 6 
0 1 4 
0 2 12 4 
0 1 12 
0 3 2 10 9 
0 1 8 
0 2 13 8 
0 1 13 
0 2 6 7 
0 2 10 11 
14 3
0 2 3 1 
0 3 0 4 2 
0 3 8 3 1 
0 2 0 2 
0 3 5 1 6 
0 1 4 
0 2 12 4 
0 1 12 
0 3 2 10 9 
0 1 8 
0 2 8 13 
0 1 13 
0 2 6 7 
0 2 10 11 
20 3
0 2 4 1 
0 3 2 0 5 
0 3 1 7 3 
0 3 11 4 2 
0 2 0 3 
0 2 15 1 
0 1 17 
0 3 2 9 8 
0 1 7 
0 2 18 7 
0 1 18 
0 3 12 13 3 
0 1 11 
0 2 11 19 
0 1 19 
0 3 17 5 16 
0 2 17 15 
0 3 15 6 16 
0 2 10 9 
0 2 14 13 
17 3
0 2 3 1 
0 3 0 4 2 
0 3 8 3 1 
0 2 0 2 
0 3 5 1 6 
0 1 4 
0 2 12 4 
0 1 12 
0 3 2 10 9 
0 1 8 
0 2 8 13 
0 1 16 
0 2 6 7 
0 3 10 15 14 
0 2 16 13 
0 2 16 13 
0 3 11 14 15 
15 3
0 2 1 3 
0 3 0 2 4 
0 3 8 3 1 
0 2 2 0 
0 3 6 1 5 
0 1 4 
0 2 10 4 
0 1 10 
0 2 2 11 
0 1 14 
0 2 7 6 
0 3 12 13 8 
0 2 11 14 
0 2 14 11 
0 3 13 9 12 
17 3
0 2 3 1 
0 3 0 4 2 
0 3 8 3 1 
0 2 0 2 
0 3 5 1 6 
0 1 4 
0 2 12 4 
0 1 15 
0 3 2 10 9 
0 1 8 
0 2 8 16 
0 1 16 
0 3 14 6 13 
0 2 15 12 
0 2 12 15 
0 3 7 13 14 
0 2 11 10 
16 3
0 2 1 3 
0 3 0 2 4 
0 3 6 3 1 
0 2 2 0 
0 2 10 1 
0 1 14 
0 3 2 8 7 
0 1 6 
0 2 15 6 
0 1 15 
0 3 11 4 14 
0 3 10 13 12 
0 2 13 11 
0 3 12 11 14 
0 3 5 13 10 
0 2 9 8 
14 3
0 2 3 1 
0 3 0 4 2 
0 3 8 3 1 
0 2 0 2 
0 3 5 1 6 
0 1 4 
0 2 12 4 
0 1 12 
0 3 2 10 9 
0 1 8 
0 2 8 13 
0 1 13 
0 2 6 7 
0 2 11 10 
20 3
0 2 1 4 
0 3 5 0 2 
0 3 3 1 9 
0 3 13 4 2 
0 2 3 0 
0 3 1 6 7 
0 1 5 
0 2 5 17 
0 1 17 
0 3 11 10 2 
0 1 9 
0 2 18 9 
0 1 18 
0 3 3 15 14 
0 1 13 
0 2 19 13 
0 1 19 
0 2 8 7 
0 2 11 12 
0 2 15 16 
22 3
0 2 4 1 
0 3 2 0 5 
0 3 1 9 3 
0 3 13 4 2 
0 2 0 3 
0 3 7 6 1 
0 1 5 
0 2 17 5 
0 1 17 
0 3 11 2 10 
0 1 9 
0 2 9 18 
0 1 20 
0 3 14 3 15 
0 1 13 
0 2 21 13 
0 1 21 
0 2 7 8 
0 3 11 19 20 
0 1 18 
0 2 12 18 
0 2 15 16 
8 3
0 2 1 2 
0 3 0 3 2 
0 2 1 0 
0 3 5 1 4 
0 1 3 
0 2 7 3 
0 1 7 
0 2 6 5 
16 3
0 2 1 3 
0 3 0 2 4 
0 3 3 1 8 
0 2 2 0 
0 3 1 5 6 
0 1 4 
0 2 10 4 
0 1 10 
0 2 2 11 
0 1 15 
0 2 7 6 
0 3 15 12 8 
0 3 13 11 14 
0 2 12 14 
0 3 15 12 13 
0 3 11 14 9 
10 3
0 2 1 2 
0 3 0 3 2 
0 2 1 0 
0 3 5 1 4 
0 1 3 
0 2 7 3 
0 1 9 
0 3 5 8 9 
0 1 7 
0 2 7 6 
17 3
0 2 1 3 
0 3 0 2 4 
0 3 3 1 8 
0 2 2 0 
0 3 6 1 5 
0 1 4 
0 2 12 4 
0 1 15 
0 3 2 9 10 
0 1 8 
0 2 16 8 
0 1 16 
0 3 14 6 13 
0 2 15 12 
0 2 12 15 
0 3 14 7 13 
0 2 10 11 
10 3
0 2 1 2 
0 3 0 3 2 
0 2 1 0 
0 3 5 1 4 
0 1 3 
0 2 3 7 
0 1 9 
0 3 8 9 5 
0 1 7 
0 2 6 7 
8 3
0 2 1 2 
0 3 0 3 2 
0 2 1 0 
0 3 5 1 4 
0 1 3 
0 2 3 7 
0 1 7 
0 2 5 6 
11 3
0 2 1 2 
0 3 0 3 2 
0 2 1 0 
0 3 1 4 5 
0 1 3 
0 2 7 3 
0 1 10 
0 3 9 5 8 
0 2 7 10 
0 2 7 10 
0 3 9 6 8 
22 3
0 2 2 1 
0 3 3 2 0 
0 2 1 0 
0 3 1 5 4 
0 1 3 
0 2 3 7 
0 1 21 
0 3 8 5 9 
0 1 7 
0 3 10 11 7 
0 1 9 
0 3 12 13 9 
0 1 11 
0 3 15 11 14 
0 1 13 
0 3 13 16 17 
0 1 15 
0 3 19 15 18 
0 1 17 
0 3 17 21 20 
0 1 19 
0 2 19 6 
20 3
0 2 4 1 
0 3 2 0 5 
0 3 1 9 3 
0 3 4 13 2 
0 2 0 3 
0 3 7 6 1 
0 1 5 
0 2 17 5 
0 1 17 
0 3 2 11 10 
0 1 9 
0 2 18 9 
0 1 18 
0 3 3 15 14 
0 1 13 
0 2 19 13 
0 1 19 
0 2 7 8 
0 2 11 12 
0 2 15 16 
19 3
0 2 3 1 
0 3 4 0 2 
0 3 10 3 1 
0 2 0 2 
0 3 1 5 6 
0 1 4 
0 2 4 14 
0 3 17 8 9 
0 1 7 
0 1 7 
0 3 2 12 11 
0 1 10 
0 2 10 18 
0 1 18 
0 3 15 6 16 
0 2 14 17 
0 2 17 14 
0 3 16 7 15 
0 2 13 12 
8 3
0 2 1 2 
0 3 0 3 2 
0 2 1 0 
0 3 5 1 4 
0 1 3 
0 2 7 3 
0 1 7 
0 2 6 5 
26 3
0 2 5 1 
0 3 6 2 0 
0 3 1 3 10 
0 3 4 14 2 
0 3 5 3 18 
0 2 0 4 
0 3 1 7 8 
0 1 6 
0 2 6 22 
0 1 22 
0 3 11 12 2 
0 1 10 
0 2 23 10 
0 1 23 
0 3 3 16 15 
0 1 14 
0 2 24 14 
0 1 24 
0 3 20 19 4 
0 1 18 
0 2 18 25 
0 1 25 
0 2 9 8 
0 2 13 12 
0 2 16 17 
0 2 21 20 
8 3
0 2 1 2 
0 3 0 3 2 
0 2 1 0 
0 3 5 1 4 
0 1 3 
0 2 7 3 
0 1 7 
0 2 6 5 
22 3
0 2 4 1 
0 3 2 0 5 
0 3 1 9 3 
0 3 13 4 2 
0 2 0 3 
0 3 7 6 1 
0 1 5 
0 2 17 5 
0 1 19 
0 3 11 2 10 
0 1 9 
0 2 9 20 
0 1 20 
0 3 14 3 15 
0 1 13 
0 2 21 13 
0 1 21 
0 3 7 19 18 
0 1 17 
0 2 17 8 
0 2 12 11 
0 2 15 16 
16 3
0 2 3 1 
0 3 0 4 2 
0 3 8 3 1 
0 2 0 2 
0 3 5 1 6 
0 1 4 
0 2 12 4 
0 1 12 
0 3 2 10 9 
0 1 8 
0 2 8 13 
0 1 15 
0 2 6 7 
0 3 10 14 15 
0 1 13 
0 2 11 13 
22 3
0 2 4 1 
0 3 2 0 5 
0 3 1 9 3 
0 3 13 4 2 
0 2 0 3 
0 3 7 6 1 
0 1 5 
0 2 17 5 
0 1 17 
0 3 2 11 10 
0 1 9 
0 2 9 18 
0 1 20 
0 3 15 3 14 
0 1 13 
0 2 13 21 
0 1 21 
0 2 8 7 
0 3 19 11 20 
0 2 18 20 
0 3 19 12 18 
0 2 16 15 
16 3
0 2 1 3 
0 3 0 4 2 
0 3 8 3 1 
0 2 0 2 
0 3 5 1 6 
0 1 4 
0 2 12 4 
0 1 14 
0 3 2 10 9 
0 1 8 
0 2 15 8 
0 1 15 
0 3 6 14 13 
0 1 12 
0 2 7 12 
0 2 11 10 
14 3
0 2 3 1 
0 3 0 4 2 
0 3 8 3 1 
0 2 0 2 
0 3 5 1 6 
0 1 4 
0 2 12 4 
0 1 12 
0 3 2 10 9 
0 1 8 
0 2 8 13 
0 1 13 
0 2 6 7 
0 2 11 10 
6 3
0 2 1 2 
0 3 0 3 2 
0 2 1 0 
0 2 1 5 
0 1 5 
0 2 3 4 
20 3
0 2 4 1 
0 3 2 0 5 
0 3 9 1 3 
0 3 13 4 2 
0 2 0 3 
0 3 7 6 1 
0 1 5 
0 2 17 5 
0 1 17 
0 3 2 10 11 
0 1 9 
0 2 18 9 
0 1 18 
0 3 15 14 3 
0 1 13 
0 2 13 19 
0 1 19 
0 2 7 8 
0 2 11 12 
0 2 15 16 
16 3
0 2 3 1 
0 3 0 4 2 
0 3 8 3 1 
0 2 0 2 
0 3 5 1 6 
0 1 4 
0 2 12 4 
0 1 12 
0 3 2 10 9 
0 1 8 
0 2 13 8 
0 1 15 
0 2 6 7 
0 3 10 15 14 
0 1 13 
0 2 13 11 
16 3
0 2 1 3 
0 3 0 2 4 
0 3 3 1 8 
0 2 2 0 
0 3 6 1 5 
0 1 4 
0 2 12 4 
0 1 12 
0 3 2 9 10 
0 1 8 
0 2 13 8 
0 1 15 
0 2 6 7 
0 3 10 14 15 
0 1 13 
0 2 11 13 
8 3
0 2 1 2 
0 3 0 3 2 
0 2 1 0 
0 3 5 1 4 
0 1 3 
0 2 3 7 
0 1 7 
0 2 6 5 
24 3
0 2 4 1 
0 3 2 0 5 
0 3 1 9 3 
0 3 13 4 2 
0 2 0 3 
0 3 7 6 1 
0 1 5 
0 2 5 17 
0 1 17 
0 3 2 11 10 
0 1 9 
0 2 18 9 
0 1 22 
0 3 15 3 14 
0 1 13 
0 2 13 23 
0 1 23 
0 2 8 7 
0 3 11 20 19 
0 1 18 
0 3 18 21 22 
0 1 20 
0 2 20 12 
0 2 16 15 
14 3
0 2 3 1 
0 3 0 4 2 
0 3 8 3 1 
0 2 0 2 
0 3 5 1 6 
0 1 4 
0 2 12 4 
0 1 12 
0 3 2 9 10 
0 1 8 
0 2 13 8 
0 1 13 
0 2 6 7 
0 2 10 11 
14 3
0 2 3 1 
0 3 0 4 2 
0 3 8 3 1 
0 2 0 2 
0 3 5 1 6 
0 1 4 
0 2 12 4 
0 1 12 
0 3 2 9 10 
0 1 8 
0 2 13 8 
0 1 13 
0 2 6 7 
0 2 10 11 
12 3
0 2 1 2 
0 3 0 3 2 
0 2 1 0 
0 3 1 4 5 
0 1 3 
0 2 7 3 
0 1 11 
0 3 5 11 8 
0 3 9 10 7 
0 1 8 
0 2 11 8 
0 3 10 7 6 
22 3
0 2 4 1 
0 3 2 0 5 
0 3 1 9 3 
0 3 4 13 2 
0 2 0 3 
0 3 7 6 1 
0 1 5 
0 2 5 17 
0 1 17 
0 3 2 11 10 
0 1 9 
0 2 9 18 
0 1 18 
0 3 3 15 14 
0 1 13 
0 2 13 19 
0 1 21 
0 2 8 7 
0 2 12 11 
0 3 20 21 15 
0 2 19 21 
0 3 19 20 16 
8 3
0 2 1 2 
0 3 0 3 2 
0 2 1 0 
0 3 5 1 4 
0 1 3 
0 2 3 7 
0 1 7 
0 2 5 6 
19 3
0 2 3 1 
0 3 4 0 2 
0 3 10 3 1 
0 2 0 2 
0 3 1 5 6 
0 1 4 
0 2 4 14 
0 3 17 8 9 
0 1 7 
0 1 7 
0 3 2 12 11 
0 1 10 
0 2 10 18 
0 1 18 
0 3 15 6 16 
0 2 14 17 
0 2 17 14 
0 3 16 7 15 
0 2 13 12 
14 3
0 2 3 1 
0 3 0 4 2 
0 3 8 1 3 
0 2 0 2 
0 3 5 1 6 
0 1 4 
0 2 10 4 
0 1 10 
0 2 2 11 
0 1 13 
0 2 6 7 
0 3 8 13 12 
0 1 11 
0 2 11 9 
14 3
0 2 1 3 
0 3 0 2 4 
0 3 3 1 8 
0 2 2 0 
0 3 6 1 5 
0 1 4 
0 2 4 10 
0 1 10 
0 2 11 2 
0 1 13 
0 2 7 6 
0 3 13 8 12 
0 2 13 11 
0 3 12 9 11 
10 3
0 2 1 2 
0 3 0 3 2 
0 2 1 0 
0 3 5 1 4 
0 1 3 
0 2 3 7 
0 1 9 
0 3 9 8 5 
0 1 7 
0 2 7 6 
14 3
0 2 1 3 
0 3 0 2 4 
0 3 3 1 6 
0 2 2 0 
0 2 1 10 
0 1 12 
0 3 8 2 7 
0 1 6 
0 2 13 6 
0 1 13 
0 3 12 11 4 
0 2 12 10 
0 3 10 11 5 
0 2 8 9 
13 3
0 2 1 2 
0 3 0 3 2 
0 2 1 0 
0 2 5 1 
0 1 12 
0 2 3 6 
0 4 5 7 8 7 
0 2 6 6 
0 3 10 6 9 
0 2 10 8 
0 4 9 11 12 8 
0 1 10 
0 2 4 10 
22 3
0 2 4 1 
0 3 2 0 5 
0 3 9 1 3 
0 3 13 4 2 
0 2 0 3 
0 3 7 6 1 
0 1 5 
0 2 5 17 
0 1 19 
0 3 2 10 11 
0 1 9 
0 2 20 9 
0 1 20 
0 3 3 14 15 
0 1 13 
0 2 13 21 
0 1 21 
0 3 18 19 7 
0 1 17 
0 2 17 8 
0 2 11 12 
0 2 16 15 
16 3
0 2 1 3 
0 3 0 2 4 
0 3 3 1 8 
0 2 2 0 
0 3 6 1 5 
0 1 4 
0 2 12 4 
0 1 12 
0 3 2 9 10 
0 1 8 
0 2 13 8 
0 1 15 
0 2 6 7 
0 3 10 15 14 
0 1 13 
0 2 13 11 
14 3
0 2 1 3 
0 3 0 2 4 
0 3 8 3 1 
0 2 2 0 
0 3 6 1 5 
0 1 4 
0 2 12 4 
0 1 12 
0 3 2 9 10 
0 1 8 
0 2 8 13 
0 1 13 
0 2 7 6 
0 2 11 10 
16 3
0 2 1 3 
0 3 0 2 4 
0 3 3 1 8 
0 2 2 0 
0 3 6 1 5 
0 1 4 
0 2 12 4 
0 1 12 
0 3 9 2 10 
0 1 8 
0 2 13 8 
0 1 15 
0 2 6 7 
0 3 10 15 14 
0 1 13 
0 2 13 11 
12 3
0 2 1 2 
0 3 0 3 2 
0 2 1 0 
0 2 1 5 
0 1 11 
0 3 7 3 6 
0 1 5 
0 3 9 5 8 
0 1 7 
0 3 10 7 11 
0 1 9 
0 2 4 9 
10 3
0 2 1 2 
0 3 0 3 2 
0 2 1 0 
0 3 1 4 5 
0 1 3 
0 2 7 3 
0 1 9 
0 3 9 5 8 
0 1 7 
0 2 7 6 
32 3
0 2 6 1 
0 3 2 7 0 
0 3 1 11 3 
0 3 4 15 2 
0 3 5 3 19 
0 3 23 6 4 
0 2 0 5 
0 3 1 8 9 
0 1 7 
0 2 27 7 
0 1 27 
0 3 12 13 2 
0 1 11 
0 2 11 28 
0 1 28 
0 3 17 16 3 
0 1 15 
0 2 29 15 
0 1 29 
0 3 20 21 4 
0 1 19 
0 2 30 19 
0 1 30 
0 3 25 5 24 
0 1 23 
0 2 23 31 
0 1 31 
0 2 10 9 
0 2 14 13 
0 2 17 18 
0 2 21 22 
0 2 26 25 
14 3
0 2 3 1 
0 3 0 4 2 
0 3 8 3 1 
0 2 0 2 
0 3 5 1 6 
0 1 4 
0 2 12 4 
0 1 12 
0 3 2 9 10 
0 1 8 
0 2 13 8 
0 1 13 
0 2 6 7 
0 2 10 11 
14 3
0 2 3 1 
0 3 0 4 2 
0 3 8 3 1 
0 2 0 2 
0 3 5 1 6 
0 1 4 
0 2 12 4 
0 1 12 
0 3 2 10 9 
0 1 8 
0 2 8 13 
0 1 13 
0 2 6 7 
0 2 11 10 
18 3
0 2 1 3 
0 3 2 4 0 
0 3 1 8 3 
0 2 2 0 
0 3 1 5 6 
0 1 4 
0 2 12 4 
0 1 12 
0 3 9 10 2 
0 1 8 
0 2 13 8 
0 1 17 
0 2 6 7 
0 3 15 10 14 
0 1 13 
0 3 13 17 16 
0 2 17 15 
0 3 11 16 15 
12 3
0 2 1 2 
0 3 0 3 2 
0 2 1 0 
0 3 1 4 5 
0 1 3 
0 2 7 3 
0 1 11 
0 3 9 5 8 
0 1 7 
0 3 7 10 11 
0 1 9 
0 2 6 9 
10 3
0 2 2 1 
0 3 0 3 2 
0 2 0 1 
0 3 5 4 1 
0 1 3 
0 2 7 3 
0 1 9 
0 3 5 8 9 
0 1 7 
0 2 6 7 
16 3
0 2 3 1 
0 3 0 4 2 
0 3 8 3 1 
0 2 0 2 
0 3 5 1 6 
0 1 4 
0 2 12 4 
0 1 14 
0 3 2 9 10 
0 1 8 
0 2 8 15 
0 1 15 
0 3 6 13 14 
0 1 12 
0 2 12 7 
0 2 11 10 
25 3
0 2 4 1 
0 3 2 0 5 
0 3 1 9 3 
0 3 4 13 2 
0 2 0 3 
0 3 7 6 1 
0 1 5 
0 2 5 17 
0 1 17 
0 3 2 11 10 
0 1 9 
0 2 18 9 
0 1 23 
0 3 14 15 3 
0 1 13 
0 2 13 24 
0 1 24 
0 2 8 7 
0 3 11 19 20 
0 1 18 
0 3 21 18 22 
0 2 23 20 
0 2 23 20 
0 3 22 21 12 
0 2 16 15 
16 3
0 2 3 1 
0 3 0 4 2 
0 3 8 3 1 
0 2 0 2 
0 3 5 1 6 
0 1 4 
0 2 12 4 
0 1 14 
0 3 2 10 9 
0 1 8 
0 2 8 15 
0 1 15 
0 3 6 13 14 
0 1 12 
0 2 12 7 
0 2 10 11 
26 3
0 2 4 1 
0 3 2 0 5 
0 3 1 9 3 
0 3 4 13 2 
0 2 0 3 
0 3 7 6 1 
0 1 5 
0 2 5 17 
0 1 17 
0 3 11 2 10 
0 1 9 
0 2 18 9 
0 1 18 
0 3 15 14 3 
0 1 13 
0 2 13 19 
0 1 25 
0 2 8 7 
0 2 11 12 
0 3 21 15 20 
0 1 19 
0 3 19 22 25 
0 3 23 21 24 
0 1 22 
0 2 25 22 
0 3 16 24 21 
22 3
0 2 4 1 
0 3 2 0 5 
0 3 9 1 3 
0 3 13 4 2 
0 2 0 3 
0 3 7 6 1 
0 1 5 
0 2 5 17 
0 1 19 
0 3 2 10 11 
0 1 9 
0 2 20 9 
0 1 20 
0 3 14 15 3 
0 1 13 
0 2 21 13 
0 1 21 
0 3 18 19 7 
0 1 17 
0 2 17 8 
0 2 11 12 
0 2 16 15 
14 3
0 2 3 1 
0 3 0 4 2 
0 3 8 3 1 
0 2 0 2 
0 3 5 1 6 
0 1 4 
0 2 12 4 
0 1 12 
0 3 2 10 9 
0 1 8 
0 2 8 13 
0 1 13 
0 2 6 7 
0 2 11 10 
18 3
0 2 1 3 
0 3 0 2 4 
0 3 3 1 8 
0 2 2 0 
0 3 6 1 5 
0 1 4 
0 2 4 12 
0 1 16 
0 3 2 9 10 
0 1 8 
0 2 17 8 
0 1 17 
0 3 6 13 14 
0 1 12 
0 3 15 16 12 
0 1 14 
0 2 14 7 
0 2 10 11 
26 3
0 2 5 1 
0 3 6 2 0 
0 3 1 3 10 
0 3 4 14 2 
0 3 18 5 3 
0 2 0 4 
0 3 1 7 8 
0 1 6 
0 2 6 22 
0 1 22 
0 3 12 11 2 
0 1 10 
0 2 10 23 
0 1 23 
0 3 15 16 3 
0 1 14 
0 2 14 24 
0 1 24 
0 3 4 19 20 
0 1 18 
0 2 18 25 
0 1 25 
0 2 8 9 
0 2 13 12 
0 2 17 16 
0 2 20 21 
18 3
0 2 1 3 
0 3 0 4 2 
0 3 3 1 8 
0 2 2 0 
0 3 1 6 5 
0 1 4 
0 2 12 4 
0 1 12 
0 3 2 9 10 
0 1 8 
0 2 13 8 
0 1 17 
0 2 7 6 
0 3 10 15 14 
0 1 13 
0 3 17 16 13 
0 1 15 
0 2 15 11 
17 3
0 2 3 1 
0 3 0 4 2 
0 3 8 3 1 
0 2 0 2 
0 3 5 1 6 
0 1 4 
0 2 12 4 
0 1 15 
0 3 2 10 9 
0 1 8 
0 2 16 8 
0 1 16 
0 3 13 6 14 
0 2 12 15 
0 2 15 12 
0 3 13 14 7 
0 2 10 11 
14 3
0 2 1 3 
0 3 0 2 4 
0 3 6 3 1 
0 2 2 0 
0 2 10 1 
0 1 12 
0 3 2 7 8 
0 1 6 
0 2 13 6 
0 1 13 
0 3 4 11 12 
0 1 10 
0 2 10 5 
0 2 8 9 
16 3
0 2 1 3 
0 3 0 2 4 
0 3 3 1 8 
0 2 2 0 
0 3 6 1 5 
0 1 4 
0 2 12 4 
0 1 14 
0 3 10 9 2 
0 1 8 
0 2 15 8 
0 1 15 
0 3 14 6 13 
0 1 12 
0 2 12 7 
0 2 10 11 
16 3
0 2 1 3 
0 3 0 2 4 
0 3 8 3 1 
0 2 2 0 
0 3 6 1 5 
0 1 4 
0 2 12 4 
0 1 12 
0 3 2 10 9 
0 1 8 
0 2 8 13 
0 1 15 
0 2 7 6 
0 3 15 10 14 
0 2 15 13 
0 3 14 13 11 
8 3
0 2 2 1 
0 3 0 3 2 
0 2 0 1 
0 2 1 5 
0 1 7 
0 3 7 6 3 
0 1 5 
0 2 5 4 
16 3
0 2 1 3 
0 3 0 2 4 
0 3 3 8 1 
0 2 2 0 
0 3 6 5 1 
0 1 4 
0 2 4 10 
0 1 10 
0 2 2 11 
0 1 15 
0 2 7 6 
0 3 8 12 15 
0 3 13 14 11 
0 1 12 
0 2 12 15 
0 3 9 14 11 
18 3
0 2 1 3 
0 3 0 2 4 
0 3 3 1 8 
0 2 2 0 
0 3 6 1 5 
0 1 4 
0 2 4 12 
0 1 12 
0 3 2 9 10 
0 1 8 
0 2 13 8 
0 1 17 
0 2 6 7 
0 3 14 10 15 
0 1 13 
0 3 17 16 13 
0 1 15 
0 2 15 11 
8 3
0 2 1 2 
0 3 0 3 2 
0 2 1 0 
0 3 5 1 4 
0 1 3 
0 2 7 3 
0 1 7 
0 2 6 5 
26 3
0 2 5 1 
0 3 6 2 0 
0 3 1 3 10 
0 3 4 14 2 
0 3 18 5 3 
0 2 0 4 
0 3 1 7 8 
0 1 6 
0 2 6 22 
0 1 22 
0 3 12 11 2 
0 1 10 
0 2 23 10 
0 1 23 
0 3 15 16 3 
0 1 14 
0 2 14 24 
0 1 24 
0 3 4 19 20 
0 1 18 
0 2 25 18 
0 1 25 
0 2 8 9 
0 2 13 12 
0 2 17 16 
0 2 20 21 
12 3
0 2 1 3 
0 3 0 2 4 
0 3 3 1 8 
0 2 2 0 
0 3 6 1 5 
0 1 4 
0 2 4 10 
0 1 10 
0 2 11 2 
0 1 11 
0 2 7 6 
0 2 8 9 
8 3
0 2 1 2 
0 3 0 3 2 
0 2 1 0 
0 2 5 1 
0 1 7 
0 3 7 3 6 
0 1 5 
0 2 5 4 
22 3
0 2 4 1 
0 3 2 0 5 
0 3 1 3 9 
0 3 13 4 2 
0 2 0 3 
0 3 7 6 1 
0 1 5 
0 2 17 5 
0 1 19 
0 3 11 10 2 
0 1 9 
0 2 9 20 
0 1 20 
0 3 14 3 15 
0 1 13 
0 2 13 21 
0 1 21 
0 3 7 19 18 
0 1 17 
0 2 8 17 
0 2 11 12 
0 2 15 16 
26 3
0 2 5 1 
0 3 6 2 0 
0 3 1 8 3 
0 3 12 4 2 
0 3 5 3 16 
0 2 0 4 
0 2 1 20 
0 1 22 
0 3 9 10 2 
0 1 8 
0 2 8 23 
0 1 23 
0 3 3 14 13 
0 1 12 
0 2 12 24 
0 1 24 
0 3 17 18 4 
0 1 16 
0 2 16 25 
0 1 25 
0 3 22 6 21 
0 1 20 
0 2 20 7 
0 2 10 11 
0 2 14 15 
0 2 19 18 
10 3
0 2 1 2 
0 3 0 3 2 
0 2 1 0 
0 3 5 1 4 
0 1 3 
0 2 3 7 
0 1 9 
0 3 9 8 5 
0 1 7 
0 2 6 7 
22 3
0 2 1 4 
0 3 5 0 2 
0 3 9 3 1 
0 3 13 4 2 
0 2 3 0 
0 3 1 6 7 
0 1 5 
0 2 15 5 
0 1 15 
0 3 11 2 10 
0 1 9 
0 2 16 9 
0 1 16 
0 2 3 17 
0 1 21 
0 2 7 8 
0 2 11 12 
0 3 18 19 13 
0 2 17 19 
0 4 21 17 18 20 
0 1 19 
0 2 19 14 
14 3
0 2 3 1 
0 3 0 4 2 
0 3 3 1 8 
0 2 0 2 
0 3 5 1 6 
0 1 4 
0 2 12 4 
0 1 12 
0 3 10 9 2 
0 1 8 
0 2 8 13 
0 1 13 
0 2 6 7 
0 2 10 11 
14 3
0 2 1 3 
0 3 0 2 4 
0 3 3 1 8 
0 2 2 0 
0 3 6 1 5 
0 1 4 
0 2 4 10 
0 1 10 
0 2 11 2 
0 1 13 
0 2 7 6 
0 3 13 12 8 
0 2 11 13 
0 3 11 9 12 
16 3
0 2 3 1 
0 3 0 4 2 
0 3 8 3 1 
0 2 0 2 
0 3 5 1 6 
0 1 4 
0 2 12 4 
0 1 14 
0 3 2 9 10 
0 1 8 
0 2 8 15 
0 1 15 
0 3 6 14 13 
0 1 12 
0 2 7 12 
0 2 10 11 
14 3
0 2 1 3 
0 3 0 2 4 
0 3 3 1 8 
0 2 2 0 
0 3 6 1 5 
0 1 4 
0 2 4 10 
0 1 10 
0 2 2 11 
0 1 13 
0 2 7 6 
0 3 13 12 8 
0 2 13 11 
0 3 12 9 11 
17 3
0 2 3 1 
0 3 0 4 2 
0 3 8 3 1 
0 2 0 2 
0 3 5 1 6 
0 1 4 
0 2 12 4 
0 1 12 
0 3 2 10 9 
0 1 8 
0 2 8 13 
0 1 16 
0 2 6 7 
0 3 14 10 15 
0 2 13 16 
0 2 16 13 
0 3 11 15 14 
16 3
0 2 1 3 
0 3 0 2 4 
0 3 3 1 8 
0 2 2 0 
0 3 6 1 5 
0 1 4 
0 2 12 4 
0 1 12 
0 3 2 9 10 
0 1 8 
0 2 13 8 
0 1 15 
0 2 7 6 
0 3 15 14 10 
0 1 13 
0 2 13 11 
10 3
0 2 1 2 
0 3 0 3 2 
0 2 1 0 
0 3 5 1 4 
0 1 3 
0 2 3 7 
0 1 9 
0 3 8 9 5 
0 2 9 7 
0 3 6 8 7 
23 3
0 2 4 1 
0 3 2 0 5 
0 3 1 9 3 
0 3 4 13 2 
0 2 0 3 
0 3 7 6 1 
0 1 5 
0 2 5 17 
0 1 17 
0 3 11 2 10 
0 1 9 
0 2 9 18 
0 1 21 
0 3 15 14 3 
0 1 13 
0 2 13 22 
0 1 22 
0 2 8 7 
0 3 19 20 11 
0 2 18 21 
0 2 21 18 
0 3 20 12 19 
0 2 16 15 
14 3
0 2 3 1 
0 3 0 4 2 
0 3 3 1 8 
0 2 0 2 
0 3 5 1 6 
0 1 4 
0 2 12 4 
0 1 12 
0 3 10 9 2 
0 1 8 
0 2 8 13 
0 1 13 
0 2 6 7 
0 2 10 11 
14 3
0 2 1 3 
0 3 0 2 4 
0 3 3 1 8 
0 2 2 0 
0 3 6 1 5 
0 1 4 
0 2 12 4 
0 1 12 
0 3 2 9 10 
0 1 8 
0 2 13 8 
0 1 13 
0 2 7 6 
0 2 10 11 
10 3
0 2 1 2 
0 3 0 3 2 
0 2 1 0 
0 2 5 1 
0 1 9 
0 3 7 3 6 
0 1 5 
0 3 9 5 8 
0 1 7 
0 2 7 4 
28 3
0 2 5 1 
0 3 6 2 0 
0 3 1 3 10 
0 3 4 14 2 
0 3 18 5 3 
0 2 0 4 
0 3 1 7 8 
0 1 6 
0 2 6 22 
0 1 22 
0 3 12 11 2 
0 1 10 
0 2 10 23 
0 1 23 
0 3 15 16 3 
0 1 14 
0 2 24 14 
0 1 24 
0 3 4 19 20 
0 1 18 
0 2 18 25 
0 1 27 
0 2 8 9 
0 2 13 12 
0 2 16 17 
0 3 26 27 20 
0 1 25 
0 2 21 25 
16 3
0 2 1 3 
0 3 0 2 4 
0 3 8 3 1 
0 2 2 0 
0 3 6 1 5 
0 1 4 
0 2 4 12 
0 1 14 
0 3 2 9 10 
0 1 8 
0 2 8 15 
0 1 15 
0 3 13 14 6 
0 1 12 
0 2 7 12 
0 2 11 10 
20 3
0 2 1 3 
0 3 2 4 0 
0 3 1 8 3 
0 2 2 0 
0 3 1 5 6 
0 1 4 
0 2 14 4 
0 1 18 
0 3 2 10 9 
0 1 8 
0 2 19 8 
0 3 13 12 19 
0 1 11 
0 1 11 
0 3 15 6 16 
0 1 14 
0 3 14 18 17 
0 1 16 
0 2 7 16 
0 2 10 11 
22 3
0 2 4 1 
0 3 2 0 5 
0 3 1 9 3 
0 3 13 4 2 
0 2 0 3 
0 3 7 6 1 
0 1 5 
0 2 5 17 
0 1 17 
0 3 2 11 10 
0 1 9 
0 2 18 9 
0 1 18 
0 3 15 3 14 
0 1 13 
0 2 13 19 
0 1 21 
0 2 8 7 
0 2 11 12 
0 3 20 15 21 
0 2 19 21 
0 3 16 19 20 
10 3
0 2 1 2 
0 3 0 3 2 
0 2 1 0 
0 3 1 4 5 
0 1 3 
0 2 7 3 
0 1 9 
0 3 9 5 8 
0 1 7 
0 2 7 6 
16 3
0 2 1 3 
0 3 0 2 4 
0 3 3 1 8 
0 2 2 0 
0 3 6 1 5 
0 1 4 
0 2 12 4 
0 1 12 
0 3 2 9 10 
0 1 8 
0 2 13 8 
0 1 15 
0 2 7 6 
0 3 14 10 15 
0 1 13 
0 2 13 11 
16 3
0 2 1 3 
0 3 0 2 4 
0 3 3 1 8 
0 2 2 0 
0 3 6 1 5 
0 1 4 
0 2 12 4 
0 1 14 
0 3 10 9 2 
0 1 8 
0 2 15 8 
0 1 15 
0 3 14 6 13 
0 1 12 
0 2 12 7 
0 2 10 11 
8 3
0 2 1 2 
0 3 0 3 2 
0 2 1 0 
0 3 5 1 4 
0 1 3 
0 2 7 3 
0 1 7 
0 2 5 6 
16 3
0 2 3 1 
0 3 0 4 2 
0 3 3 1 8 
0 2 0 2 
0 3 5 1 6 
0 1 4 
0 2 12 4 
0 1 14 
0 3 9 10 2 
0 1 8 
0 2 15 8 
0 1 15 
0 3 6 13 14 
0 1 12 
0 2 12 7 
0 2 10 11 
8 3
0 2 1 2 
0 3 0 3 2 
0 2 1 0 
0 3 5 1 4 
0 1 3 
0 2 3 7 
0 1 7 
0 2 5 6 
16 3
0 2 1 3 
0 3 0 2 4 
0 3 8 3 1 
0 2 2 0 
0 3 6 1 5 
0 1 4 
0 2 12 4 
0 1 12 
0 3 2 10 9 
0 1 8 
0 2 13 8 
0 1 15 
0 2 6 7 
0 3 14 10 15 
0 1 13 
0 2 13 11 
8 3
0 2 1 2 
0 3 0 3 2 
0 2 1 0 
0 3 5 1 4 
0 1 3 
0 2 7 3 
0 1 7 
0 2 5 6 
16 3
0 2 1 3 
0 3 0 2 4 
0 3 8 3 1 
0 2 2 0 
0 3 6 1 5 
0 1 4 
0 2 4 12 
0 1 14 
0 3 9 2 10 
0 1 8 
0 2 8 15 
0 1 15 
0 3 14 6 13 
0 1 12 
0 2 12 7 
0 2 11 10 
18 3
0 2 1 3 
0 3 0 2 4 
0 3 3 1 8 
0 2 2 0 
0 3 6 1 5 
0 1 4 
0 2 12 4 
0 1 16 
0 3 10 9 2 
0 1 8 
0 2 8 17 
0 1 17 
0 3 6 13 14 
0 1 12 
0 3 12 16 15 
0 1 14 
0 2 7 14 
0 2 11 10 
18 3
0 2 1 3 
0 3 0 2 4 
0 3 3 1 8 
0 2 2 0 
0 3 6 1 5 
0 1 4 
0 2 12 4 
0 1 12 
0 3 9 2 10 
0 1 8 
0 2 13 8 
0 1 17 
0 2 7 6 
0 3 10 15 14 
0 1 13 
0 3 16 17 13 
0 1 15 
0 2 11 15 
24 3
0 2 4 1 
0 3 2 0 5 
0 3 1 9 3 
0 3 13 4 2 
0 2 0 3 
0 3 7 6 1 
0 1 5 
0 2 5 17 
0 1 17 
0 3 11 2 10 
0 1 9 
0 2 9 18 
0 1 22 
0 3 3 14 15 
0 1 13 
0 2 13 23 
0 1 23 
0 2 8 7 
0 3 19 20 11 
0 1 18 
0 3 21 18 22 
0 1 20 
0 2 12 20 
0 2 16 15 
10 3
0 2 1 2 
0 3 0 3 2 
0 2 1 0 
0 3 5 1 4 
0 1 3 
0 2 3 7 
0 1 9 
0 3 8 9 5 
0 1 7 
0 2 7 6 
28 3
0 2 5 1 
0 3 6 2 0 
0 3 1 3 10 
0 3 4 14 2 
0 3 18 5 3 
0 2 0 4 
0 3 1 7 8 
0 1 6 
0 2 6 22 
0 1 22 
0 3 12 11 2 
0 1 10 
0 2 10 23 
0 1 23 
0 3 15 16 3 
0 1 14 
0 2 24 14 
0 1 26 
0 3 4 19 20 
0 1 18 
0 2 27 18 
0 1 27 
0 2 9 8 
0 2 13 12 
0 3 16 25 26 
0 1 24 
0 2 17 24 
0 2 20 21 
16 3
0 2 1 3 
0 3 0 2 4 
0 3 3 1 8 
0 2 2 0 
0 3 6 1 5 
0 1 4 
0 2 4 12 
0 1 12 
0 3 2 9 10 
0 1 8 
0 2 13 8 
0 1 15 
0 2 7 6 
0 3 14 15 10 
0 2 13 15 
0 3 14 13 11 
12 3
0 2 1 2 
0 3 0 3 2 
0 2 1 0 
0 3 1 4 5 
0 1 3 
0 2 3 7 
0 1 11 
0 3 9 8 5 
0 1 7 
0 3 7 11 10 
0 1 9 
0 2 9 6 
8 3
0 2 1 2 
0 3 0 3 2 
0 2 1 0 
0 3 5 1 4 
0 1 3 
0 2 7 3 
0 1 7 
0 2 6 5 
10 3
0 2 1 2 
0 3 0 3 2 
0 2 1 0 
0 3 5 1 4 
0 1 3 
0 2 7 3 
0 1 9 
0 3 9 8 5 
0 1 7 
0 2 7 6 
18 3
0 2 1 3 
0 3 0 2 4 
0 3 3 8 1 
0 2 2 0 
0 3 6 1 5 
0 1 4 
0 2 12 4 
0 1 16 
0 3 10 2 9 
0 1 8 
0 2 17 8 
0 1 17 
0 3 6 13 14 
0 1 12 
0 3 15 12 16 
0 1 14 
0 2 14 7 
0 2 10 11 
21 3
0 2 1 3 
0 3 2 4 0 
0 3 8 1 3 
0 2 2 0 
0 3 1 5 6 
0 1 4 
0 2 12 4 
0 1 12 
0 3 2 9 10 
0 1 8 
0 2 8 13 
0 1 20 
0 2 6 7 
0 2 10 14 
0 4 15 15 13 16 
0 2 14 14 
0 3 18 17 14 
0 2 16 18 
0 4 19 16 20 17 
0 1 18 
0 2 11 18 
11 3
0 2 1 2 
0 3 0 3 2 
0 2 1 0 
0 3 5 1 4 
0 1 3 
0 2 7 3 
0 1 10 
0 3 5 9 8 
0 2 10 7 
0 2 10 7 
0 3 8 6 9 
24 3
0 2 1 3 
0 3 2 4 0 
0 3 1 8 3 
0 2 2 0 
0 3 1 5 6 
0 1 4 
0 2 12 4 
0 1 20 
0 3 2 10 9 
0 1 8 
0 2 8 21 
0 1 23 
0 3 14 6 13 
0 1 12 
0 3 12 20 15 
0 3 14 17 16 
0 1 15 
0 3 15 19 18 
0 1 17 
0 2 20 17 
0 3 14 19 7 
0 3 23 22 10 
0 1 21 
0 2 21 11 
13 3
0 2 1 2 
0 3 0 3 2 
0 2 1 0 
0 3 1 4 5 
0 1 3 
0 2 7 3 
0 1 12 
0 2 5 8 
0 4 9 9 7 10 
0 2 8 8 
0 3 12 11 8 
0 2 10 12 
0 3 10 6 11 
14 3
0 2 1 3 
0 3 0 2 4 
0 3 8 3 1 
0 2 2 0 
0 3 6 1 5 
0 1 4 
0 2 12 4 
0 1 12 
0 3 10 2 9 
0 1 8 
0 2 8 13 
0 1 13 
0 2 6 7 
0 2 11 10 
16 3
0 2 1 3 
0 3 0 2 4 
0 3 3 1 8 
0 2 2 0 
0 3 6 1 5 
0 1 4 
0 2 4 12 
0 1 12 
0 3 2 9 10 
0 1 8 
0 2 13 8 
0 1 15 
0 2 7 6 
0 3 15 10 14 
0 2 15 13 
0 3 13 11 14 
16 3
0 2 2 1 
0 3 3 2 0 
0 2 1 0 
0 3 1 5 4 
0 1 3 
0 2 3 7 
0 1 15 
0 2 8 5 
0 4 9 9 10 7 
0 2 8 8 
0 3 15 8 11 
0 2 12 10 
0 4 11 13 13 14 
0 2 12 12 
0 2 12 15 
0 3 10 14 6 
11 3
0 2 1 2 
0 3 0 3 2 
0 2 1 0 
0 3 1 4 5 
0 1 3 
0 2 3 7 
0 1 10 
0 2 8 5 
0 4 10 9 7 9 
0 2 8 8 
0 2 8 6 
22 3
0 2 1 4 
0 3 5 0 2 
0 3 3 1 9 
0 3 13 4 2 
0 2 3 0 
0 3 1 6 7 
0 1 5 
0 2 5 15 
0 1 15 
0 3 11 10 2 
0 1 9 
0 2 9 16 
0 1 16 
0 2 17 3 
0 1 21 
0 2 7 8 
0 2 12 11 
0 3 13 18 19 
0 2 17 19 
0 4 20 21 18 17 
0 1 19 
0 2 14 19 
10 3
0 2 1 2 
0 3 0 3 2 
0 2 1 0 
0 3 1 4 5 
0 1 3 
0 2 3 7 
0 1 9 
0 3 8 9 5 
0 1 7 
0 2 7 6 
12 3
0 2 1 2 
0 3 0 2 7 
0 4 3 6 1 0 
0 3 2 4 5 
0 1 3 
0 2 6 3 
0 2 2 5 
0 3 8 1 9 
0 1 7 
0 2 7 11 
0 1 11 
0 2 10 9 
19 3
0 2 3 1 
0 3 4 0 2 
0 3 8 3 1 
0 2 0 2 
0 3 1 5 6 
0 1 4 
0 2 12 4 
0 1 17 
0 3 2 10 9 
0 1 8 
0 2 18 8 
0 1 18 
0 3 6 13 16 
0 3 14 15 12 
0 1 13 
0 2 17 13 
0 2 17 12 
0 3 7 15 16 
0 2 10 11 
14 3
0 2 1 3 
0 3 0 2 4 
0 3 3 1 8 
0 2 2 0 
0 3 6 1 5 
0 1 4 
0 2 12 4 
0 1 12 
0 3 2 9 10 
0 1 8 
0 2 8 13 
0 1 13 
0 2 6 7 
0 2 11 10 
36 3
0 2 6 1 
0 3 2 7 0 
0 3 11 1 3 
0 3 4 15 2 
0 3 19 5 3 
0 3 6 23 4 
0 2 0 5 
0 3 1 8 9 
0 1 7 
0 2 27 7 
0 1 27 
0 3 13 2 12 
0 1 11 
0 2 11 28 
0 1 32 
0 3 16 17 3 
0 1 15 
0 2 15 33 
0 1 33 
0 3 4 21 20 
0 1 19 
0 2 19 34 
0 1 34 
0 3 25 24 5 
0 1 23 
0 2 23 35 
0 1 35 
0 2 10 9 
0 3 29 13 30 
0 1 28 
0 3 31 28 32 
0 1 30 
0 2 30 14 
0 2 18 17 
0 2 21 22 
0 2 26 25 
10 3
0 2 1 2 
0 3 0 3 2 
0 2 1 0 
0 3 5 1 4 
0 1 3 
0 2 3 7 
0 1 9 
0 3 9 8 5 
0 1 7 
0 2 7 6 
37 3
0 2 5 1 
0 3 6 2 0 
0 3 1 10 3 
0 3 14 4 2 
0 3 23 5 3 
0 2 0 4 
0 3 1 7 8 
0 1 6 
0 2 6 25 
0 1 25 
0 3 12 2 11 
0 1 10 
0 2 10 26 
0 1 26 
0 3 3 15 16 
0 1 14 
0 2 14 27 
0 2 33 18 
0 4 17 20 19 19 
0 2 18 18 
0 3 21 18 22 
0 2 20 22 
0 2 21 20 
0 2 4 34 
0 1 36 
0 2 8 9 
0 2 13 12 
0 3 28 33 16 
0 3 29 27 30 
0 2 28 33 
0 2 28 31 
0 4 31 31 30 32 
0 2 33 31 
0 4 17 29 32 27 
0 3 23 35 36 
0 1 34 
0 2 24 34 
13 3
0 2 1 2 
0 3 0 3 2 
0 2 1 0 
0 3 1 4 5 
0 1 3 
0 2 7 3 
0 1 12 
0 2 5 8 
0 4 10 9 7 9 
0 2 8 8 
0 3 8 11 12 
0 2 10 12 
0 3 6 11 10 
24 3
0 2 4 1 
0 3 2 0 5 
0 3 1 9 3 
0 3 13 4 2 
0 2 0 3 
0 3 7 6 1 
0 1 5 
0 2 17 5 
0 1 17 
0 3 11 2 10 
0 1 9 
0 2 9 18 
0 1 22 
0 3 14 3 15 
0 1 13 
0 2 23 13 
0 1 23 
0 2 7 8 
0 3 20 11 19 
0 1 18 
0 3 22 18 21 
0 1 20 
0 2 12 20 
0 2 16 15 
