73
14 1
0 2 1 3 
0 3 2 0 4 
0 3 1 6 3 
0 2 0 2 
0 2 1 10 
0 1 12 
0 3 8 7 2 
0 1 6 
0 2 13 6 
0 1 13 
0 3 4 11 12 
0 2 12 10 
0 3 11 5 10 
0 2 8 9 
16 1
0 2 1 3 
0 3 2 0 4 
0 3 1 8 3 
0 2 0 2 
0 3 5 6 1 
0 1 4 
0 2 12 4 
0 1 12 
0 3 9 2 10 
0 1 8 
0 2 13 8 
0 1 15 
0 2 6 7 
0 3 10 15 14 
0 1 13 
0 2 11 13 
14 1
0 2 1 3 
0 3 2 0 4 
0 3 1 8 3 
0 2 0 2 
0 3 5 6 1 
0 1 4 
0 2 12 4 
0 1 12 
0 3 9 2 10 
0 1 8 
0 2 13 8 
0 1 13 
0 2 6 7 
0 2 10 11 
18 1
0 2 1 3 
0 3 2 0 4 
0 3 1 8 3 
0 2 0 2 
0 3 5 1 6 
0 1 4 
0 2 12 4 
0 1 16 
0 3 9 10 2 
0 1 8 
0 2 8 17 
0 1 17 
0 3 6 13 14 
0 1 12 
0 3 15 16 12 
0 1 14 
0 2 14 7 
0 2 10 11 
22 1
0 2 4 1 
0 3 2 5 0 
0 3 1 3 7 
0 3 2 4 11 
0 2 0 3 
0 2 1 15 
0 1 19 
0 3 9 2 8 
0 1 7 
0 2 7 20 
0 1 20 
0 3 13 12 3 
0 1 11 
0 2 11 21 
0 1 21 
0 3 16 5 17 
0 2 15 17 
0 4 16 18 19 15 
0 2 17 19 
0 3 17 18 6 
0 2 10 9 
0 2 13 14 
16 1
0 2 1 3 
0 3 2 0 4 
0 3 1 6 3 
0 2 0 2 
0 2 10 1 
0 1 14 
0 3 8 2 7 
0 1 6 
0 2 15 6 
0 1 15 
0 3 14 4 11 
0 3 10 13 12 
0 2 11 13 
0 3 11 14 12 
0 3 10 5 13 
0 2 8 9 
16 1
0 2 1 3 
0 3 2 0 4 
0 3 1 8 3 
0 2 0 2 
0 3 5 6 1 
0 1 4 
0 2 4 10 
0 1 10 
0 2 2 11 
0 1 15 
0 2 6 7 
0 3 12 15 8 
0 3 13 11 14 
0 2 12 14 
0 3 15 12 13 
0 3 9 11 14 
14 1
0 2 1 3 
0 3 2 0 4 
0 3 1 8 3 
0 2 0 2 
0 3 5 6 1 
0 1 4 
0 2 4 10 
0 1 10 
0 2 11 2 
0 1 13 
0 2 7 6 
0 3 13 8 12 
0 2 13 11 
0 3 9 11 12 
10 1
0 2 1 2 
0 3 2 3 0 
0 2 1 0 
0 2 1 5 
0 1 9 
0 3 3 6 7 
0 2 7 5 
0 4 6 9 8 5 
0 1 7 
0 2 7 4 
16 1
0 2 1 3 
0 3 2 0 4 
0 3 1 8 3 
0 2 0 2 
0 3 5 1 6 
0 1 4 
0 2 10 4 
0 1 10 
0 2 2 11 
0 1 15 
0 2 6 7 
0 3 12 15 8 
0 3 14 11 13 
0 2 14 12 
0 3 15 12 13 
0 3 14 11 9 
18 1
0 2 3 1 
0 3 2 0 4 
0 3 1 3 8 
0 2 2 0 
0 3 6 5 1 
0 1 4 
0 2 4 12 
0 1 12 
0 3 9 10 2 
0 1 8 
0 2 13 8 
0 1 17 
0 2 6 7 
0 3 14 10 17 
0 3 13 15 16 
0 2 16 14 
0 3 17 15 14 
0 3 16 13 11 
22 1
0 2 4 1 
0 3 2 5 0 
0 3 1 9 3 
0 3 2 13 4 
0 2 0 3 
0 3 6 1 7 
0 1 5 
0 2 17 5 
0 1 17 
0 3 2 11 10 
0 1 9 
0 2 18 9 
0 1 18 
0 3 14 3 15 
0 1 13 
0 2 19 13 
0 1 21 
0 2 7 8 
0 2 11 12 
0 3 21 15 20 
0 2 19 21 
0 3 16 19 20 
30 1
0 2 5 1 
0 3 2 6 0 
0 3 1 3 10 
0 3 2 14 4 
0 3 5 18 3 
0 2 4 0 
0 3 7 1 8 
0 1 6 
0 2 6 22 
0 1 22 
0 3 2 12 11 
0 1 10 
0 2 23 10 
0 1 23 
0 3 16 3 15 
0 1 14 
0 2 14 24 
0 1 28 
0 3 19 20 4 
0 1 18 
0 2 18 29 
0 1 29 
0 2 9 8 
0 2 12 13 
0 3 26 25 16 
0 1 24 
0 3 28 24 27 
0 1 26 
0 2 26 17 
0 2 20 21 
59 1
0 2 5 1 
0 3 2 6 0 
0 3 1 3 10 
0 3 2 19 4 
0 3 5 3 23 
0 2 4 0 
0 3 7 1 8 
0 1 6 
0 2 27 6 
0 1 27 
0 3 2 12 11 
0 1 10 
0 2 28 10 
0 2 36 14 
0 4 15 16 13 15 
0 2 14 14 
0 3 14 18 17 
0 2 18 16 
0 2 16 17 
0 3 21 3 20 
0 1 19 
0 2 19 37 
0 1 56 
0 3 24 4 25 
0 1 23 
0 2 57 23 
0 1 57 
0 2 9 8 
0 3 29 12 30 
0 1 28 
0 3 36 31 28 
0 3 30 32 33 
0 2 31 36 
0 2 31 34 
0 4 34 34 35 33 
0 2 36 34 
0 4 30 13 32 35 
0 2 58 21 
0 3 40 58 39 
0 1 38 
0 3 38 46 41 
0 3 43 40 42 
0 2 46 41 
0 2 41 44 
0 4 43 44 44 45 
0 2 44 46 
0 5 40 47 55 42 45 
0 2 46 48 
0 4 50 49 47 49 
0 2 48 48 
0 3 48 51 52 
0 2 50 52 
0 4 53 50 54 51 
0 2 52 56 
0 2 55 52 
0 3 54 56 46 
0 3 55 22 53 
0 2 25 26 
0 2 38 37 
36 1
0 2 1 6 
0 3 2 7 0 
0 3 1 3 11 
0 3 2 15 4 
0 3 5 19 3 
0 3 23 6 4 
0 2 5 0 
0 3 8 9 1 
0 1 7 
0 2 7 27 
0 1 27 
0 3 13 2 12 
0 1 11 
0 2 11 28 
0 1 32 
0 3 3 16 17 
0 1 15 
0 2 33 15 
0 1 33 
0 3 4 20 21 
0 1 19 
0 2 34 19 
0 1 34 
0 3 5 25 24 
0 1 23 
0 2 23 35 
0 1 35 
0 2 9 10 
0 3 30 29 13 
0 1 28 
0 3 28 31 32 
0 1 30 
0 2 14 30 
0 2 17 18 
0 2 21 22 
0 2 26 25 
52 1
0 2 5 1 
0 3 2 6 0 
0 3 1 3 10 
0 3 2 14 4 
0 3 5 23 3 
0 2 4 0 
0 3 7 1 8 
0 1 6 
0 2 25 6 
0 1 25 
0 3 12 11 2 
0 1 10 
0 2 10 26 
0 1 26 
0 3 3 15 16 
0 1 14 
0 2 27 14 
0 2 33 18 
0 4 20 19 19 17 
0 2 18 18 
0 3 18 21 22 
0 2 22 20 
0 2 21 20 
0 2 34 4 
0 1 37 
0 2 8 9 
0 2 12 13 
0 3 16 33 28 
0 3 29 30 27 
0 2 33 28 
0 2 31 28 
0 4 32 31 31 30 
0 2 31 33 
0 4 17 29 32 27 
0 3 23 35 36 
0 1 34 
0 2 38 34 
0 2 46 24 
0 3 36 39 40 
0 2 38 45 
0 3 38 41 45 
0 2 40 42 
0 4 44 43 41 43 
0 2 42 42 
0 2 42 45 
0 4 44 39 40 47 
0 2 51 37 
0 2 48 45 
0 4 50 49 49 47 
0 2 48 48 
0 2 48 51 
0 2 50 46 
12 1
0 2 1 2 
0 3 2 3 0 
0 2 1 0 
0 3 1 4 5 
0 1 3 
0 2 7 3 
0 1 11 
0 3 9 5 8 
0 1 7 
0 3 7 10 11 
0 1 9 
0 2 6 9 
11 1
0 2 1 2 
0 3 2 3 0 
0 2 1 0 
0 3 1 4 5 
0 1 3 
0 2 7 3 
0 1 10 
0 3 8 5 9 
0 2 7 10 
0 2 7 10 
0 3 6 8 9 
16 1
0 2 1 3 
0 3 2 0 4 
0 3 1 8 3 
0 2 0 2 
0 3 5 6 1 
0 1 4 
0 2 12 4 
0 1 12 
0 3 9 2 10 
0 1 8 
0 2 13 8 
0 1 15 
0 2 6 7 
0 3 10 14 15 
0 1 13 
0 2 11 13 
17 1
0 2 1 3 
0 3 2 0 4 
0 3 1 8 3 
0 2 0 2 
0 3 5 6 1 
0 1 4 
0 2 12 4 
0 1 12 
0 3 9 2 10 
0 1 8 
0 2 13 8 
0 1 16 
0 2 7 6 
0 3 15 10 14 
0 2 16 13 
0 2 16 13 
0 3 15 14 11 
26 1
0 2 4 1 
0 3 2 5 0 
0 3 1 3 9 
0 3 2 13 4 
0 2 0 3 
0 3 6 1 7 
0 1 5 
0 2 17 5 
0 1 23 
0 3 10 11 2 
0 1 9 
0 2 24 9 
0 1 24 
0 3 3 14 15 
0 1 13 
0 2 25 13 
0 1 25 
0 3 18 7 19 
0 1 17 
0 3 21 20 17 
0 1 19 
0 3 19 22 23 
0 1 21 
0 2 8 21 
0 2 11 12 
0 2 15 16 
10 1
0 2 1 2 
0 3 2 3 0 
0 2 1 0 
0 3 1 4 5 
0 1 3 
0 2 7 3 
0 1 9 
0 3 5 8 9 
0 1 7 
0 2 6 7 
16 1
0 2 1 3 
0 3 2 0 4 
0 3 8 1 3 
0 2 0 2 
0 3 5 6 1 
0 1 4 
0 2 4 12 
0 1 14 
0 3 2 10 9 
0 1 8 
0 2 8 15 
0 1 15 
0 3 14 13 6 
0 2 12 14 
0 3 12 13 7 
0 2 11 10 
18 1
0 2 3 1 
0 3 2 0 4 
0 3 1 3 8 
0 2 2 0 
0 3 6 5 1 
0 1 4 
0 2 4 12 
0 1 12 
0 3 9 10 2 
0 1 8 
0 2 13 8 
0 1 17 
0 2 6 7 
0 3 14 10 17 
0 3 16 13 15 
0 1 14 
0 2 14 17 
0 3 16 13 11 
24 1
0 2 4 1 
0 3 2 5 0 
0 3 1 3 7 
0 3 2 4 11 
0 2 0 3 
0 2 1 15 
0 1 21 
0 3 9 2 8 
0 1 7 
0 2 7 22 
0 1 22 
0 3 12 13 3 
0 1 11 
0 2 11 23 
0 1 23 
0 3 16 5 17 
0 2 15 17 
0 4 16 18 21 15 
0 3 20 19 17 
0 2 20 18 
0 3 19 18 21 
0 3 6 17 20 
0 2 10 9 
0 2 14 13 
19 1
0 2 3 1 
0 3 2 0 4 
0 3 1 3 8 
0 2 2 0 
0 3 6 5 1 
0 1 4 
0 2 4 10 
0 1 10 
0 2 2 11 
0 1 18 
0 2 6 7 
0 2 8 12 
0 4 14 11 13 13 
0 2 12 12 
0 3 12 16 15 
0 2 16 14 
0 4 17 14 18 15 
0 1 16 
0 2 9 16 
16 1
0 2 1 3 
0 3 2 0 4 
0 3 1 8 3 
0 2 0 2 
0 3 5 6 1 
0 1 4 
0 2 12 4 
0 1 12 
0 3 9 2 10 
0 1 8 
0 2 13 8 
0 1 15 
0 2 6 7 
0 3 10 14 15 
0 1 13 
0 2 11 13 
19 1
0 2 3 1 
0 3 2 0 4 
0 3 1 3 8 
0 2 2 0 
0 3 6 5 1 
0 1 4 
0 2 4 12 
0 1 12 
0 3 9 10 2 
0 1 8 
0 2 8 13 
0 1 18 
0 2 7 6 
0 3 10 15 14 
0 1 13 
0 3 17 16 13 
0 2 18 15 
0 2 15 18 
0 3 11 16 17 
26 1
0 2 4 1 
0 3 2 5 0 
0 3 1 3 9 
0 3 2 13 4 
0 2 0 3 
0 3 6 1 7 
0 1 5 
0 2 17 5 
0 1 23 
0 3 10 11 2 
0 1 9 
0 2 24 9 
0 1 24 
0 3 3 14 15 
0 1 13 
0 2 25 13 
0 1 25 
0 3 18 7 19 
0 1 17 
0 3 21 20 17 
0 1 19 
0 3 19 22 23 
0 1 21 
0 2 8 21 
0 2 11 12 
0 2 15 16 
10 1
0 2 1 2 
0 3 2 3 0 
0 2 1 0 
0 3 1 4 5 
0 1 3 
0 2 7 3 
0 1 9 
0 3 5 8 9 
0 1 7 
0 2 6 7 
18 1
0 2 3 1 
0 3 2 0 4 
0 3 1 3 8 
0 2 2 0 
0 3 6 5 1 
0 1 4 
0 2 4 12 
0 1 12 
0 3 9 10 2 
0 1 8 
0 2 13 8 
0 1 17 
0 2 6 7 
0 3 14 10 17 
0 3 13 15 16 
0 2 16 14 
0 3 17 15 14 
0 3 16 13 11 
10 1
0 2 1 2 
0 3 2 3 0 
0 2 1 0 
0 3 1 4 5 
0 1 3 
0 2 7 3 
0 1 9 
0 3 5 8 9 
0 1 7 
0 2 6 7 
18 1
0 2 3 1 
0 3 2 0 4 
0 3 1 3 8 
0 2 2 0 
0 3 6 5 1 
0 1 4 
0 2 4 12 
0 1 12 
0 3 9 10 2 
0 1 8 
0 2 13 8 
0 1 17 
0 2 6 7 
0 3 14 10 17 
0 3 13 15 16 
0 2 16 14 
0 3 17 15 14 
0 3 16 13 11 
10 1
0 2 1 2 
0 3 2 3 0 
0 2 1 0 
0 3 1 4 5 
0 1 3 
0 2 7 3 
0 1 9 
0 3 5 8 9 
0 1 7 
0 2 6 7 
18 1
0 2 3 1 
0 3 2 0 4 
0 3 1 3 8 
0 2 2 0 
0 3 6 5 1 
0 1 4 
0 2 4 12 
0 1 16 
0 3 10 9 2 
0 1 8 
0 2 17 8 
0 1 17 
0 3 13 6 16 
0 3 12 14 15 
0 1 13 
0 2 16 13 
0 3 15 7 12 
0 2 10 11 
16 1
0 2 1 3 
0 3 2 0 4 
0 3 8 1 3 
0 2 0 2 
0 3 5 6 1 
0 1 4 
0 2 4 12 
0 1 14 
0 3 2 10 9 
0 1 8 
0 2 8 15 
0 1 15 
0 3 14 13 6 
0 2 12 14 
0 3 12 13 7 
0 2 11 10 
18 1
0 2 3 1 
0 3 2 0 4 
0 3 1 3 8 
0 2 2 0 
0 3 6 5 1 
0 1 4 
0 2 4 12 
0 1 12 
0 3 9 10 2 
0 1 8 
0 2 13 8 
0 1 17 
0 2 6 7 
0 3 14 10 17 
0 3 13 15 16 
0 2 16 14 
0 3 17 15 14 
0 3 16 13 11 
16 1
0 2 1 3 
0 3 2 0 4 
0 3 1 8 3 
0 2 0 2 
0 3 5 6 1 
0 1 4 
0 2 12 4 
0 1 12 
0 3 2 10 9 
0 1 8 
0 2 8 13 
0 1 15 
0 2 6 7 
0 3 15 10 14 
0 2 15 13 
0 3 14 11 13 
16 1
0 2 1 3 
0 3 2 0 4 
0 3 1 8 3 
0 2 0 2 
0 3 5 6 1 
0 1 4 
0 2 12 4 
0 1 12 
0 3 9 2 10 
0 1 8 
0 2 13 8 
0 1 15 
0 2 6 7 
0 3 10 14 15 
0 1 13 
0 2 11 13 
8 1
0 2 1 2 
0 3 2 3 0 
0 2 1 0 
0 3 1 4 5 
0 1 3 
0 2 7 3 
0 1 7 
0 2 5 6 
18 1
0 2 3 1 
0 3 2 0 4 
0 3 1 3 8 
0 2 2 0 
0 3 6 5 1 
0 1 4 
0 2 4 12 
0 1 12 
0 3 9 10 2 
0 1 8 
0 2 13 8 
0 1 17 
0 2 6 7 
0 3 14 10 17 
0 3 13 15 16 
0 2 16 14 
0 3 17 15 14 
0 3 16 13 11 
10 1
0 2 1 2 
0 3 2 3 0 
0 2 1 0 
0 3 1 4 5 
0 1 3 
0 2 7 3 
0 1 9 
0 3 5 8 9 
0 1 7 
0 2 6 7 
14 1
0 2 1 3 
0 3 2 0 4 
0 3 1 8 3 
0 2 0 2 
0 3 5 6 1 
0 1 4 
0 2 12 4 
0 1 12 
0 3 9 2 10 
0 1 8 
0 2 13 8 
0 1 13 
0 2 6 7 
0 2 10 11 
18 1
0 2 3 1 
0 3 2 0 4 
0 3 1 3 8 
0 2 2 0 
0 3 6 5 1 
0 1 4 
0 2 4 12 
0 1 12 
0 3 9 10 2 
0 1 8 
0 2 13 8 
0 1 17 
0 2 6 7 
0 3 14 10 15 
0 1 13 
0 3 16 13 17 
0 2 15 17 
0 3 11 16 15 
18 1
0 2 3 1 
0 3 2 0 4 
0 3 1 3 8 
0 2 2 0 
0 3 6 5 1 
0 1 4 
0 2 4 12 
0 1 12 
0 3 9 10 2 
0 1 8 
0 2 13 8 
0 1 17 
0 2 6 7 
0 3 14 10 15 
0 1 13 
0 3 17 16 13 
0 2 17 15 
0 3 11 15 16 
18 1
0 2 3 1 
0 3 2 0 4 
0 3 1 3 8 
0 2 2 0 
0 3 6 5 1 
0 1 4 
0 2 4 12 
0 1 16 
0 3 10 9 2 
0 1 8 
0 2 8 17 
0 1 17 
0 3 14 6 13 
0 1 12 
0 3 16 12 15 
0 2 14 16 
0 3 14 7 15 
0 2 10 11 
18 1
0 2 1 3 
0 3 2 0 4 
0 3 1 8 3 
0 2 0 2 
0 3 5 6 1 
0 1 4 
0 2 12 4 
0 1 12 
0 3 10 9 2 
0 1 8 
0 2 13 8 
0 1 17 
0 2 6 7 
0 3 10 14 15 
0 1 13 
0 3 16 17 13 
0 1 15 
0 2 11 15 
21 1
0 2 3 1 
0 3 2 0 4 
0 3 1 3 8 
0 2 2 0 
0 3 6 5 1 
0 1 4 
0 2 4 12 
0 1 12 
0 3 9 10 2 
0 1 8 
0 2 8 13 
0 1 20 
0 2 7 6 
0 3 15 14 10 
0 1 13 
0 3 16 13 17 
0 1 15 
0 3 18 19 15 
0 2 17 20 
0 2 17 20 
0 3 19 18 11 
12 1
0 2 1 2 
0 3 2 3 0 
0 2 1 0 
0 3 1 4 5 
0 1 3 
0 2 7 3 
0 1 11 
0 3 9 5 8 
0 1 7 
0 3 7 11 10 
0 1 9 
0 2 6 9 
16 1
0 2 1 3 
0 3 2 0 4 
0 3 1 8 3 
0 2 0 2 
0 3 5 6 1 
0 1 4 
0 2 12 4 
0 1 12 
0 3 2 9 10 
0 1 8 
0 2 13 8 
0 1 15 
0 2 7 6 
0 3 15 10 14 
0 1 13 
0 2 13 11 
18 1
0 2 3 1 
0 3 2 0 4 
0 3 1 3 8 
0 2 2 0 
0 3 6 5 1 
0 1 4 
0 2 4 12 
0 1 12 
0 3 9 10 2 
0 1 8 
0 2 13 8 
0 1 17 
0 2 6 7 
0 3 14 10 17 
0 3 13 15 16 
0 2 16 14 
0 3 17 15 14 
0 3 16 13 11 
17 1
0 2 2 1 
0 3 2 3 0 
0 2 1 0 
0 3 5 1 4 
0 1 3 
0 2 7 3 
0 1 16 
0 3 9 8 5 
0 1 7 
0 2 7 10 
0 4 12 11 11 9 
0 2 10 10 
0 3 10 14 13 
0 2 14 12 
0 4 13 15 12 16 
0 1 14 
0 2 6 14 
23 1
0 2 3 1 
0 3 2 0 4 
0 3 1 3 8 
0 2 2 0 
0 3 6 5 1 
0 1 4 
0 2 4 12 
0 1 12 
0 3 9 10 2 
0 1 8 
0 2 8 13 
0 1 22 
0 2 7 6 
0 3 10 14 15 
0 1 13 
0 2 16 13 
0 4 18 17 15 17 
0 2 16 16 
0 3 16 20 19 
0 2 20 18 
0 4 22 21 19 18 
0 1 20 
0 2 11 20 
18 1
0 2 1 3 
0 3 2 0 4 
0 3 8 1 3 
0 2 0 2 
0 3 5 6 1 
0 1 4 
0 2 4 12 
0 1 16 
0 3 2 10 9 
0 1 8 
0 2 17 8 
0 1 17 
0 3 14 6 13 
0 1 12 
0 3 12 15 16 
0 1 14 
0 2 7 14 
0 2 11 10 
12 1
0 2 1 2 
0 3 2 3 0 
0 2 1 0 
0 3 1 4 5 
0 1 3 
0 2 7 3 
0 1 11 
0 3 9 5 8 
0 1 7 
0 3 7 10 11 
0 1 9 
0 2 9 6 
42 1
0 2 4 1 
0 3 2 5 0 
0 3 1 3 9 
0 3 13 2 4 
0 2 0 3 
0 3 6 1 7 
0 1 5 
0 2 17 5 
0 1 19 
0 3 10 11 2 
0 1 9 
0 2 20 9 
0 1 40 
0 3 3 15 14 
0 1 13 
0 2 41 13 
0 1 41 
0 3 7 18 19 
0 1 17 
0 2 8 17 
0 3 11 21 22 
0 1 20 
0 3 23 24 20 
0 1 22 
0 2 22 25 
0 4 39 26 24 40 
0 3 25 28 27 
0 1 26 
0 3 26 32 29 
0 3 31 30 28 
0 1 29 
0 2 33 29 
0 2 33 28 
0 4 31 32 39 34 
0 3 36 33 35 
0 1 34 
0 3 38 34 37 
0 1 36 
0 2 39 36 
0 3 38 25 33 
0 2 12 25 
0 2 16 15 
8 1
0 2 1 2 
0 3 2 0 3 
0 2 1 0 
0 3 1 4 5 
0 1 3 
0 2 7 3 
0 1 7 
0 2 5 6 
15 1
0 2 1 2 
0 3 2 3 0 
0 2 1 0 
0 3 1 4 5 
0 1 3 
0 2 7 3 
0 1 14 
0 3 5 9 8 
0 1 7 
0 2 7 10 
0 4 11 12 11 9 
0 2 10 10 
0 3 10 13 14 
0 2 12 14 
0 3 6 13 12 
12 1
0 2 1 2 
0 3 2 0 3 
0 2 1 0 
0 3 1 4 5 
0 1 3 
0 2 7 3 
0 1 11 
0 3 9 8 5 
0 1 7 
0 3 10 7 11 
0 1 9 
0 2 9 6 
11 1
0 2 1 2 
0 3 2 3 0 
0 2 1 0 
0 3 1 4 5 
0 1 3 
0 2 3 7 
0 1 10 
0 3 8 9 5 
0 2 10 7 
0 2 10 7 
0 3 9 8 6 
10 1
0 2 1 2 
0 3 2 3 0 
0 2 1 0 
0 3 1 4 5 
0 1 3 
0 2 7 3 
0 1 9 
0 3 8 5 9 
0 1 7 
0 2 6 7 
16 1
0 2 1 3 
0 3 2 0 4 
0 3 1 8 3 
0 2 0 2 
0 3 5 6 1 
0 1 4 
0 2 4 12 
0 1 14 
0 3 10 2 9 
0 1 8 
0 2 8 15 
0 1 15 
0 3 13 14 6 
0 1 12 
0 2 12 7 
0 2 10 11 
10 1
0 2 1 2 
0 3 2 3 0 
0 2 1 0 
0 3 1 4 5 
0 1 3 
0 2 3 7 
0 1 9 
0 3 8 9 5 
0 1 7 
0 2 7 6 
16 1
0 2 1 3 
0 3 2 0 4 
0 3 1 8 3 
0 2 0 2 
0 3 5 6 1 
0 1 4 
0 2 4 12 
0 1 14 
0 3 10 2 9 
0 1 8 
0 2 8 15 
0 1 15 
0 3 13 14 6 
0 1 12 
0 2 12 7 
0 2 10 11 
18 1
0 2 1 3 
0 3 2 0 4 
0 3 1 8 3 
0 2 0 2 
0 3 5 6 1 
0 1 4 
0 2 12 4 
0 1 12 
0 3 9 2 10 
0 1 8 
0 2 13 8 
0 1 17 
0 2 6 7 
0 3 15 10 14 
0 1 13 
0 3 13 17 16 
0 1 15 
0 2 15 11 
34 1
0 2 1 6 
0 3 2 7 0 
0 3 1 3 9 
0 3 13 2 4 
0 3 5 17 3 
0 3 6 4 21 
0 2 5 0 
0 2 25 1 
0 1 29 
0 3 10 11 2 
0 1 9 
0 2 9 30 
0 1 30 
0 3 3 14 15 
0 1 13 
0 2 31 13 
0 1 31 
0 3 4 19 18 
0 1 17 
0 2 32 17 
0 1 32 
0 3 22 5 23 
0 1 21 
0 2 33 21 
0 1 33 
0 3 7 26 27 
0 1 25 
0 3 28 29 25 
0 1 27 
0 2 8 27 
0 2 12 11 
0 2 16 15 
0 2 20 19 
0 2 23 24 
11 1
0 2 1 2 
0 3 2 3 0 
0 2 1 0 
0 3 1 4 5 
0 1 3 
0 2 3 7 
0 1 10 
0 3 8 9 5 
0 2 10 7 
0 2 10 7 
0 3 9 8 6 
16 1
0 2 1 3 
0 3 2 0 4 
0 3 1 8 3 
0 2 0 2 
0 3 5 6 1 
0 1 4 
0 2 12 4 
0 1 12 
0 3 9 2 10 
0 1 8 
0 2 13 8 
0 1 15 
0 2 6 7 
0 3 14 10 15 
0 1 13 
0 2 11 13 
10 1
0 2 1 2 
0 3 2 3 0 
0 2 1 0 
0 3 1 4 5 
0 1 3 
0 2 7 3 
0 1 9 
0 3 5 8 9 
0 1 7 
0 2 6 7 
8 1
0 2 1 2 
0 3 2 0 3 
0 2 1 0 
0 3 1 4 5 
0 1 3 
0 2 7 3 
0 1 7 
0 2 5 6 
10 1
0 2 1 2 
0 3 2 3 0 
0 2 1 0 
0 3 1 4 5 
0 1 3 
0 2 3 7 
0 1 9 
0 3 8 9 5 
0 1 7 
0 2 7 6 
8 1
0 2 1 2 
0 3 2 3 0 
0 2 1 0 
0 2 1 5 
0 1 7 
0 3 6 7 3 
0 1 5 
0 2 5 4 
8 1
0 2 1 2 
0 3 2 0 3 
0 2 1 0 
0 3 1 4 5 
0 1 3 
0 2 7 3 
0 1 7 
0 2 5 6 
