13
168 7
0 2 13 1 
0 3 2 14 0 
0 3 1 3 18 
0 3 22 2 4 
0 3 26 5 3 
0 3 4 30 6 
0 3 34 7 5 
0 3 6 38 8 
0 3 42 9 7 
0 3 46 10 8 
0 3 11 50 9 
0 3 10 12 54 
0 3 11 58 13 
0 2 0 12 
0 3 1 16 15 
0 1 14 
0 2 62 14 
0 1 67 
0 3 20 19 2 
0 1 18 
0 2 18 68 
0 1 68 
0 3 23 3 24 
0 1 22 
0 2 69 22 
0 0 
0 3 4 27 28 
0 1 26 
0 2 75 26 
0 1 82 
0 3 31 5 32 
0 1 30 
0 2 83 30 
0 1 83 
0 3 35 6 36 
0 1 34 
0 2 84 34 
0 1 85 
0 3 40 7 39 
0 1 38 
0 2 86 38 
0 1 110 
0 3 8 43 44 
0 1 42 
0 2 111 42 
0 1 118 
0 3 47 9 48 
0 1 46 
0 2 46 119 
0 1 119 
0 3 10 52 51 
0 1 50 
0 2 50 120 
0 1 125 
0 3 55 56 11 
0 1 54 
0 2 126 54 
0 1 127 
0 3 60 12 59 
0 1 58 
0 2 58 128 
0 1 134 
0 3 16 64 63 
0 1 62 
0 2 135 62 
0 2 66 136 
0 2 65 67 
0 2 66 17 
0 2 21 20 
0 3 24 70 71 
0 1 69 
0 2 69 137 
0 0 
0 0 
0 0 
0 3 28 76 77 
0 1 75 
0 3 75 78 79 
0 1 77 
0 2 80 77 
0 2 79 81 
0 2 82 80 
0 2 29 81 
0 2 33 32 
0 2 36 85 
0 2 37 84 
0 3 40 88 87 
0 1 86 
0 3 86 89 90 
0 2 90 88 
0 4 89 92 88 91 
0 1 90 
0 3 93 90 94 
0 2 92 94 
0 4 96 93 95 92 
0 1 94 
0 2 150 94 
0 2 153 98 
0 4 107 97 99 108 
0 3 101 98 100 
0 1 99 
0 2 99 154 
0 3 103 104 157 
0 1 102 
0 3 105 102 106 
0 1 104 
0 2 107 104 
0 2 98 106 
0 2 109 98 
0 2 108 110 
0 2 41 109 
0 3 112 44 113 
0 1 111 
0 3 114 111 115 
0 1 113 
0 2 116 113 
0 2 115 117 
0 2 118 116 
0 2 117 45 
0 2 49 48 
0 3 121 122 52 
0 1 120 
0 2 158 120 
0 2 167 124 
0 2 123 125 
0 2 53 124 
0 2 56 127 
0 2 126 57 
0 3 60 129 130 
0 1 128 
0 3 132 131 128 
0 1 130 
0 2 130 133 
0 2 134 132 
0 2 133 61 
0 2 64 136 
0 2 135 65 
0 3 138 139 71 
0 1 137 
0 3 140 137 141 
0 2 139 141 
0 4 139 140 142 143 
0 1 141 
0 3 144 145 141 
0 1 143 
0 2 150 143 
0 2 154 153 
0 2 150 157 
0 0 
0 0 
0 6 164 145 147 151 96 152 
0 1 150 
0 2 150 153 
0 4 97 146 152 165 
0 5 146 101 156 165 155 
0 1 154 
0 2 157 154 
0 4 156 166 102 147 
0 3 122 159 160 
0 1 158 
0 3 161 162 158 
0 2 162 160 
0 4 161 164 160 163 
0 1 162 
0 2 162 150 
0 2 153 154 
0 2 157 167 
0 2 123 166 
8 7
0 2 2 1 
0 1 0 
0 3 0 3 4 
0 1 2 
0 2 2 6 
0 1 7 
0 2 4 7 
0 2 5 6 
14 7
0 2 3 1 
0 3 4 2 0 
0 3 3 8 1 
0 2 2 0 
0 3 1 5 6 
0 1 4 
0 2 4 12 
0 1 12 
0 3 9 2 10 
0 1 8 
0 2 13 8 
0 1 13 
0 2 7 6 
0 2 10 11 
14 7
0 2 3 1 
0 3 4 2 0 
0 3 3 8 1 
0 2 2 0 
0 3 1 5 6 
0 1 4 
0 2 4 12 
0 1 12 
0 3 9 2 10 
0 1 8 
0 2 13 8 
0 1 13 
0 2 7 6 
0 2 10 11 
8 7
0 2 2 1 
0 1 0 
0 3 0 3 4 
0 1 2 
0 2 6 2 
0 1 7 
0 2 4 7 
0 2 6 5 
14 7
0 2 3 1 
0 3 4 2 0 
0 3 3 8 1 
0 2 2 0 
0 3 1 5 6 
0 1 4 
0 2 4 12 
0 1 12 
0 3 9 2 10 
0 1 8 
0 2 13 8 
0 1 13 
0 2 7 6 
0 2 10 11 
14 7
0 2 3 1 
0 3 4 2 0 
0 3 3 8 1 
0 2 2 0 
0 3 1 5 6 
0 1 4 
0 2 4 12 
0 1 12 
0 3 9 2 10 
0 1 8 
0 2 13 8 
0 1 13 
0 2 7 6 
0 2 10 11 
23 7
0 2 4 1 
0 3 5 0 2 
0 3 1 9 3 
0 3 4 2 13 
0 2 3 0 
0 3 6 1 7 
0 1 5 
0 2 17 5 
0 1 17 
0 3 2 11 10 
0 1 9 
0 2 18 9 
0 1 21 
0 3 14 15 3 
0 1 13 
0 2 22 13 
0 1 22 
0 2 7 8 
0 3 11 20 19 
0 2 21 18 
0 2 18 21 
0 3 12 19 20 
0 2 15 16 
17 7
0 2 3 1 
0 3 4 0 2 
0 3 3 8 1 
0 2 2 0 
0 3 1 5 6 
0 1 4 
0 2 12 4 
0 1 12 
0 3 9 2 10 
0 1 8 
0 2 13 8 
0 1 16 
0 2 7 6 
0 3 14 10 15 
0 2 13 16 
0 2 16 13 
0 3 15 14 11 
22 7
0 2 1 4 
0 3 2 0 5 
0 3 1 9 3 
0 3 4 13 2 
0 2 3 0 
0 3 6 7 1 
0 1 5 
0 2 5 17 
0 1 17 
0 3 2 11 10 
0 1 9 
0 2 18 9 
0 1 18 
0 3 14 3 15 
0 1 13 
0 2 19 13 
0 1 21 
0 2 8 7 
0 2 11 12 
0 3 20 15 21 
0 1 19 
0 2 16 19 
30 7
0 2 5 1 
0 3 2 0 6 
0 3 1 10 3 
0 3 4 2 14 
0 3 3 5 16 
0 2 0 4 
0 3 7 8 1 
0 1 6 
0 2 6 20 
0 1 20 
0 3 2 11 12 
0 1 10 
0 2 21 10 
0 1 21 
0 2 22 3 
0 1 24 
0 3 17 18 4 
0 1 16 
0 2 16 25 
0 1 29 
0 2 9 8 
0 2 12 13 
0 3 14 23 24 
0 1 22 
0 2 15 22 
0 3 27 26 18 
0 1 25 
0 3 28 25 29 
0 1 27 
0 2 19 27 
14 7
0 2 3 1 
0 3 4 0 2 
0 3 3 8 1 
0 2 2 0 
0 3 1 5 6 
0 1 4 
0 2 12 4 
0 1 12 
0 3 10 9 2 
0 1 8 
0 2 8 13 
0 1 13 
0 2 6 7 
0 2 10 11 
44 7
0 2 1 8 
0 3 2 0 9 
0 3 1 3 13 
0 3 4 17 2 
0 3 21 3 5 
0 3 6 4 25 
0 3 5 29 7 
0 3 8 6 33 
0 2 0 7 
0 3 10 11 1 
0 1 9 
0 2 37 9 
0 1 37 
0 3 15 14 2 
0 1 13 
0 2 13 38 
0 1 38 
0 3 18 3 19 
0 1 17 
0 2 39 17 
0 1 39 
0 3 4 22 23 
0 1 21 
0 2 40 21 
0 1 40 
0 3 26 5 27 
0 1 25 
0 2 25 41 
0 1 41 
0 3 31 6 30 
0 1 29 
0 2 29 42 
0 1 42 
0 3 34 35 7 
0 1 33 
0 2 43 33 
0 1 43 
0 2 11 12 
0 2 15 16 
0 2 20 19 
0 2 23 24 
0 2 28 27 
0 2 32 31 
0 2 36 35 
