58
15 4
0 2 2 1 
0 3 3 0 2 
0 2 0 1 
0 2 5 1 
0 1 14 
0 3 3 14 6 
0 2 7 5 
0 4 8 6 9 8 
0 2 7 7 
0 3 11 10 7 
0 2 9 11 
0 4 9 13 10 12 
0 1 11 
0 2 11 14 
0 3 4 13 5 
13 4
0 2 2 1 
0 3 3 0 2 
0 2 0 1 
0 3 1 4 5 
0 1 3 
0 2 7 3 
0 1 12 
0 2 5 8 
0 4 10 9 9 7 
0 2 8 8 
0 3 11 8 12 
0 2 10 12 
0 3 6 10 11 
11 4
0 2 2 1 
0 3 3 0 2 
0 2 0 1 
0 2 5 1 
0 1 10 
0 2 3 6 
0 4 8 5 7 7 
0 2 6 6 
0 3 6 9 10 
0 2 10 8 
0 3 9 8 4 
8 4
0 2 2 1 
0 3 2 0 3 
0 2 1 0 
0 3 4 5 1 
0 1 3 
0 2 7 3 
0 1 7 
0 2 6 5 
30 4
0 2 1 5 
0 3 2 0 6 
0 3 3 1 10 
0 3 2 4 14 
0 3 18 5 3 
0 2 4 0 
0 3 7 8 1 
0 1 6 
0 2 6 22 
0 1 22 
0 3 11 12 2 
0 1 10 
0 2 10 23 
0 1 23 
0 3 16 15 3 
0 1 14 
0 2 14 24 
0 1 28 
0 3 4 20 19 
0 1 18 
0 2 18 29 
0 1 29 
0 2 9 8 
0 2 12 13 
0 3 26 25 16 
0 1 24 
0 3 24 28 27 
0 1 26 
0 2 17 26 
0 2 21 20 
11 4
0 2 2 1 
0 3 3 0 2 
0 2 0 1 
0 2 5 1 
0 1 10 
0 2 3 6 
0 4 8 7 5 7 
0 2 6 6 
0 3 9 6 10 
0 2 10 8 
0 3 9 4 8 
10 4
0 2 2 1 
0 3 3 0 2 
0 2 0 1 
0 3 1 4 5 
0 1 3 
0 2 7 3 
0 1 9 
0 3 5 8 9 
0 1 7 
0 2 6 7 
8 4
0 2 2 1 
0 3 3 0 2 
0 2 0 1 
0 3 1 4 5 
0 1 3 
0 2 7 3 
0 1 7 
0 2 6 5 
20 4
0 2 4 1 
0 3 2 0 5 
0 3 3 1 9 
0 3 2 13 4 
0 2 0 3 
0 3 7 6 1 
0 1 5 
0 2 5 17 
0 1 17 
0 3 2 11 10 
0 1 9 
0 2 9 18 
0 1 18 
0 3 14 3 15 
0 1 13 
0 2 19 13 
0 1 19 
0 2 8 7 
0 2 12 11 
0 2 15 16 
13 4
0 2 2 1 
0 3 3 0 2 
0 2 0 1 
0 3 1 4 5 
0 1 3 
0 2 7 3 
0 1 12 
0 2 5 8 
0 4 10 9 7 9 
0 2 8 8 
0 3 11 8 12 
0 2 10 12 
0 3 6 10 11 
8 4
0 2 2 1 
0 3 3 0 2 
0 2 0 1 
0 3 1 4 5 
0 1 3 
0 2 7 3 
0 1 7 
0 2 6 5 
15 4
0 2 2 1 
0 3 3 2 0 
0 2 0 1 
0 3 1 4 5 
0 1 3 
0 2 7 3 
0 1 14 
0 2 5 8 
0 4 9 10 7 9 
0 2 8 8 
0 3 11 8 12 
0 2 10 12 
0 4 14 13 10 11 
0 1 12 
0 2 12 6 
8 4
0 2 2 1 
0 3 2 0 3 
0 2 1 0 
0 3 4 5 1 
0 1 3 
0 2 3 7 
0 1 7 
0 2 6 5 
8 4
0 2 2 1 
0 3 2 0 3 
0 2 1 0 
0 3 4 5 1 
0 1 3 
0 2 3 7 
0 1 7 
0 2 6 5 
8 4
0 2 2 1 
0 3 2 0 3 
0 2 1 0 
0 2 5 1 
0 0 
0 3 3 7 6 
0 1 5 
0 1 5 
14 4
0 2 3 1 
0 3 4 0 2 
0 3 3 8 1 
0 2 0 2 
0 3 1 6 5 
0 1 4 
0 2 4 10 
0 1 10 
0 2 11 2 
0 1 13 
0 2 7 6 
0 3 8 13 12 
0 2 11 13 
0 3 11 9 12 
10 4
0 2 2 1 
0 3 2 0 3 
0 2 1 0 
0 3 4 5 1 
0 1 3 
0 2 7 3 
0 1 9 
0 3 5 8 9 
0 1 7 
0 2 6 7 
9 4
0 2 2 1 
0 3 2 0 3 
0 2 1 0 
0 2 5 1 
0 1 8 
0 3 7 3 6 
0 2 5 8 
0 2 5 8 
0 3 4 7 6 
11 4
0 2 2 1 
0 3 2 0 3 
0 2 1 0 
0 3 4 5 1 
0 1 3 
0 2 7 3 
0 1 10 
0 3 9 5 8 
0 2 10 7 
0 1 7 
0 2 8 6 
12 4
0 2 2 1 
0 3 2 3 0 
0 2 1 0 
0 3 4 1 5 
0 1 3 
0 2 7 3 
0 1 11 
0 3 5 9 8 
0 1 7 
0 3 11 7 10 
0 1 9 
0 2 9 6 
16 4
0 2 3 1 
0 3 4 0 2 
0 3 3 1 8 
0 2 0 2 
0 3 1 6 5 
0 1 4 
0 2 4 12 
0 1 14 
0 3 2 10 9 
0 1 8 
0 2 15 8 
0 1 15 
0 3 13 6 14 
0 1 12 
0 2 7 12 
0 2 11 10 
10 4
0 2 2 1 
0 3 2 0 3 
0 2 1 0 
0 3 4 5 1 
0 1 3 
0 2 7 3 
0 0 
0 3 8 9 5 
0 1 7 
0 1 7 
10 4
0 2 2 1 
0 3 2 0 3 
0 2 1 0 
0 3 4 5 1 
0 1 3 
0 2 7 3 
0 1 9 
0 3 9 5 8 
0 1 7 
0 2 6 7 
8 4
0 2 2 1 
0 3 2 0 3 
0 2 1 0 
0 3 4 5 1 
0 1 3 
0 2 7 3 
0 1 7 
0 2 6 5 
13 4
0 2 2 1 
0 3 3 0 2 
0 2 0 1 
0 2 5 1 
0 1 12 
0 2 3 6 
0 4 8 5 7 7 
0 2 6 6 
0 3 6 9 10 
0 2 10 8 
0 4 9 12 11 8 
0 1 10 
0 2 10 4 
10 4
0 2 2 1 
0 3 3 0 2 
0 2 0 1 
0 3 1 4 5 
0 1 3 
0 2 7 3 
0 1 9 
0 3 9 8 5 
0 1 7 
0 2 7 6 
10 4
0 2 2 1 
0 3 3 0 2 
0 2 0 1 
0 3 1 4 5 
0 1 3 
0 2 7 3 
0 1 9 
0 3 9 8 5 
0 1 7 
0 2 7 6 
11 4
0 2 2 1 
0 3 3 0 2 
0 2 0 1 
0 3 1 4 5 
0 1 3 
0 2 7 3 
0 1 10 
0 3 8 5 9 
0 2 7 10 
0 2 10 7 
0 3 9 8 6 
10 4
0 2 2 1 
0 3 2 0 3 
0 2 1 0 
0 3 4 5 1 
0 1 3 
0 2 7 3 
0 1 9 
0 3 8 9 5 
0 1 7 
0 2 6 7 
10 4
0 2 2 1 
0 3 2 0 3 
0 2 1 0 
0 3 4 5 1 
0 1 3 
0 2 7 3 
0 1 9 
0 3 9 8 5 
0 2 9 7 
0 3 8 6 7 
8 4
0 2 2 1 
0 3 2 0 3 
0 2 1 0 
0 2 5 1 
0 0 
0 3 3 7 6 
0 1 5 
0 1 5 
6 4
0 2 2 1 
0 3 2 0 3 
0 2 1 0 
0 2 5 1 
0 1 5 
0 2 3 4 
8 4
0 2 2 1 
0 3 3 2 0 
0 2 0 1 
0 3 1 4 5 
0 1 3 
0 2 7 3 
0 1 7 
0 2 5 6 
10 4
0 2 2 1 
0 3 2 0 3 
0 2 1 0 
0 3 4 5 1 
0 1 3 
0 2 7 3 
0 1 9 
0 3 8 9 5 
0 1 7 
0 2 6 7 
10 4
0 2 2 1 
0 3 3 0 2 
0 2 0 1 
0 3 1 4 5 
0 1 3 
0 2 7 3 
0 1 9 
0 3 9 5 8 
0 1 7 
0 2 7 6 
8 4
0 2 2 1 
0 3 3 0 2 
0 2 0 1 
0 3 1 4 5 
0 1 3 
0 2 7 3 
0 1 7 
0 2 6 5 
15 4
0 2 2 1 
0 3 3 0 2 
0 2 0 1 
0 3 1 4 5 
0 1 3 
0 2 7 3 
0 1 14 
0 2 8 5 
0 4 7 9 10 9 
0 2 8 8 
0 3 11 8 12 
0 2 10 12 
0 4 11 13 10 14 
0 1 12 
0 2 12 6 
10 4
0 2 2 1 
0 3 3 0 2 
0 2 0 1 
0 3 1 4 5 
0 1 3 
0 2 7 3 
0 1 9 
0 3 9 5 8 
0 1 7 
0 2 6 7 
10 4
0 2 2 1 
0 3 3 0 2 
0 2 0 1 
0 3 1 4 5 
0 1 3 
0 2 7 3 
0 1 9 
0 3 8 5 9 
0 1 7 
0 2 6 7 
6 4
0 2 2 1 
0 3 3 0 2 
0 2 0 1 
0 2 1 5 
0 1 5 
0 2 4 3 
10 4
0 2 2 1 
0 3 3 0 2 
0 2 0 1 
0 3 1 4 5 
0 1 3 
0 2 7 3 
0 1 9 
0 3 8 5 9 
0 1 7 
0 2 6 7 
13 4
0 2 2 1 
0 3 3 0 2 
0 2 0 1 
0 3 1 4 5 
0 1 3 
0 2 7 3 
0 1 12 
0 2 5 8 
0 4 9 9 10 7 
0 2 8 8 
0 3 12 11 8 
0 2 10 12 
0 3 10 11 6 
10 4
0 2 2 1 
0 3 3 0 2 
0 2 0 1 
0 3 1 4 5 
0 1 3 
0 2 7 3 
0 1 9 
0 3 8 9 5 
0 1 7 
0 2 7 6 
8 4
0 2 2 1 
0 3 3 0 2 
0 2 0 1 
0 3 1 4 5 
0 1 3 
0 2 7 3 
0 1 7 
0 2 6 5 
15 4
0 2 2 1 
0 3 3 0 2 
0 2 0 1 
0 2 5 1 
0 1 14 
0 3 3 14 6 
0 2 7 5 
0 4 8 6 9 8 
0 2 7 7 
0 3 11 10 7 
0 2 9 11 
0 4 9 13 10 12 
0 1 11 
0 2 11 14 
0 3 4 13 5 
15 4
0 2 2 1 
0 3 3 0 2 
0 2 0 1 
0 3 1 4 5 
0 1 3 
0 2 7 3 
0 1 14 
0 2 8 5 
0 4 7 9 10 9 
0 2 8 8 
0 3 11 8 12 
0 2 10 12 
0 4 11 13 10 14 
0 1 12 
0 2 12 6 
14 4
0 2 3 1 
0 3 4 0 2 
0 3 8 3 1 
0 2 0 2 
0 3 1 6 5 
0 1 4 
0 2 4 12 
0 1 12 
0 3 2 9 10 
0 1 8 
0 2 13 8 
0 1 13 
0 2 6 7 
0 2 10 11 
8 4
0 2 2 1 
0 3 3 2 0 
0 2 0 1 
0 2 1 5 
0 1 7 
0 3 6 7 3 
0 1 5 
0 2 5 4 
10 4
0 2 2 1 
0 3 2 0 3 
0 2 1 0 
0 3 4 5 1 
0 1 3 
0 2 7 3 
0 1 9 
0 3 9 8 5 
0 1 7 
0 2 7 6 
8 4
0 2 1 2 
0 3 0 2 3 
0 2 1 0 
0 3 4 5 1 
0 1 3 
0 2 7 3 
0 1 7 
0 2 5 6 
8 4
0 2 2 1 
0 3 3 2 0 
0 2 0 1 
0 3 1 4 5 
0 1 3 
0 2 7 3 
0 1 7 
0 2 5 6 
13 4
0 2 2 1 
0 3 2 0 3 
0 2 1 0 
0 2 5 1 
0 1 12 
0 3 3 6 9 
0 3 5 7 8 
0 1 6 
0 2 6 12 
0 3 11 5 10 
0 2 11 9 
0 3 9 10 12 
0 3 4 11 8 
13 4
0 2 2 1 
0 3 3 0 2 
0 2 0 1 
0 3 1 4 5 
0 1 3 
0 2 7 3 
0 1 12 
0 2 5 8 
0 4 9 9 10 7 
0 2 8 8 
0 3 11 12 8 
0 2 10 12 
0 3 10 11 6 
10 4
0 2 2 1 
0 3 3 0 2 
0 2 0 1 
0 3 1 4 5 
0 1 3 
0 2 7 3 
0 1 9 
0 3 8 5 9 
0 1 7 
0 2 6 7 
13 4
0 2 2 1 
0 3 3 2 0 
0 2 0 1 
0 3 1 4 5 
0 1 3 
0 2 7 3 
0 1 12 
0 2 5 8 
0 4 9 9 7 10 
0 2 8 8 
0 3 11 8 12 
0 2 10 12 
0 3 6 11 10 
15 4
0 2 2 1 
0 3 3 0 2 
0 2 0 1 
0 3 1 4 5 
0 1 3 
0 2 7 3 
0 1 14 
0 2 8 5 
0 4 7 9 10 9 
0 2 8 8 
0 3 11 8 12 
0 2 10 12 
0 4 11 13 10 14 
0 1 12 
0 2 12 6 
19 4
0 2 1 2 
0 3 2 3 0 
0 2 1 0 
0 3 1 4 5 
0 1 3 
0 2 3 7 
0 1 18 
0 3 8 9 5 
0 1 7 
0 3 11 7 10 
0 1 9 
0 3 12 9 18 
0 2 11 13 
0 4 15 14 14 12 
0 2 13 13 
0 3 17 16 13 
0 2 15 17 
0 3 15 16 18 
0 3 17 6 11 
10 4
0 2 2 1 
0 3 2 0 3 
0 2 1 0 
0 3 4 5 1 
0 1 3 
0 2 7 3 
0 1 9 
0 3 8 9 5 
0 2 9 7 
0 3 8 6 7 
