4
55 10
0 2 1 6 
0 3 0 7 2 
0 3 11 1 3 
0 3 4 2 15 
0 3 19 3 5 
0 3 23 4 6 
0 2 0 5 
0 3 8 1 9 
0 1 7 
0 2 7 27 
0 1 29 
0 3 2 12 13 
0 1 11 
0 2 30 11 
0 0 
0 3 3 16 17 
0 1 15 
0 2 40 15 
0 1 40 
0 3 4 20 21 
0 1 19 
0 2 41 19 
0 1 47 
0 3 5 24 25 
0 1 23 
0 2 23 48 
0 1 48 
0 3 28 9 29 
0 1 27 
0 2 10 27 
0 3 13 32 31 
0 1 30 
0 3 30 33 34 
0 1 32 
0 3 36 35 32 
0 1 34 
0 2 34 49 
0 2 52 51 
0 2 49 54 
0 0 
0 2 17 18 
0 3 21 43 42 
0 1 41 
0 3 41 44 45 
0 1 43 
0 2 49 43 
0 2 51 52 
0 2 22 54 
0 2 26 25 
0 5 45 51 38 36 50 
0 1 49 
0 3 46 49 37 
0 4 37 54 53 46 
0 1 52 
0 3 38 52 47 
45 10
0 2 1 4 
0 3 0 2 5 
0 3 9 1 3 
0 3 4 2 11 
0 2 0 3 
0 3 7 6 1 
0 1 5 
0 2 15 5 
0 1 17 
0 2 2 18 
0 1 25 
0 3 3 12 13 
0 1 11 
0 2 26 11 
0 1 28 
0 3 16 7 17 
0 1 15 
0 2 15 8 
0 3 20 9 19 
0 1 18 
0 3 21 18 22 
0 1 20 
0 3 25 23 20 
0 2 29 22 
0 2 25 43 
0 3 22 10 24 
0 3 13 27 28 
0 1 26 
0 2 14 26 
0 3 23 31 30 
0 1 29 
0 3 29 32 33 
0 1 31 
0 3 31 35 34 
0 1 33 
0 3 36 33 39 
0 3 35 38 37 
0 1 36 
0 2 36 42 
0 3 41 40 35 
0 1 39 
0 2 39 42 
0 3 44 38 41 
0 2 44 24 
0 2 42 43 
21 10
0 2 1 3 
0 3 0 2 4 
0 3 1 3 8 
0 2 2 0 
0 3 5 6 1 
0 1 4 
0 2 12 4 
0 1 12 
0 3 10 2 9 
0 1 8 
0 2 13 8 
0 1 20 
0 2 7 6 
0 2 10 14 
0 4 15 15 16 13 
0 2 14 14 
0 3 14 18 17 
0 1 16 
0 3 20 19 16 
0 1 18 
0 2 11 18 
43 10
0 2 6 1 
0 3 10 2 0 
0 3 3 1 12 
0 3 4 2 16 
0 3 3 5 20 
0 1 4 
0 3 0 7 8 
0 1 6 
0 2 24 6 
0 1 24 
0 2 25 1 
0 1 32 
0 3 2 14 13 
0 1 12 
0 2 12 33 
0 1 33 
0 3 18 3 17 
0 1 16 
0 2 16 34 
0 1 41 
0 3 21 22 4 
0 1 20 
0 2 42 20 
0 1 42 
0 2 8 9 
0 3 10 26 27 
0 1 25 
0 3 29 25 28 
0 1 27 
0 3 27 30 31 
0 1 29 
0 2 32 29 
0 2 11 31 
0 2 15 14 
0 3 36 18 35 
0 1 34 
0 3 34 37 38 
0 1 36 
0 3 39 36 40 
0 1 38 
0 2 41 38 
0 2 40 19 
0 2 22 23 
