45
16 5
0 2 3 1 
0 3 2 4 0 
0 3 1 8 3 
0 2 0 2 
0 3 5 1 6 
0 1 4 
0 2 12 4 
0 1 14 
0 3 10 2 9 
0 1 8 
0 2 8 15 
0 1 15 
0 3 13 6 14 
0 1 12 
0 2 7 12 
0 2 10 11 
36 5
0 2 6 1 
0 3 7 2 0 
0 3 1 3 11 
0 3 2 4 15 
0 3 19 5 3 
0 3 6 23 4 
0 2 5 0 
0 3 1 8 9 
0 1 7 
0 2 7 27 
0 1 29 
0 3 13 12 2 
0 1 11 
0 2 30 11 
0 1 32 
0 3 16 17 3 
0 1 15 
0 2 33 15 
0 1 33 
0 3 4 21 20 
0 1 19 
0 2 19 34 
0 1 34 
0 3 5 24 25 
0 1 23 
0 2 23 35 
0 1 35 
0 3 9 29 28 
0 1 27 
0 2 27 10 
0 3 13 31 32 
0 1 30 
0 2 14 30 
0 2 17 18 
0 2 22 21 
0 2 26 25 
8 5
0 2 2 1 
0 1 0 
0 3 3 0 4 
0 1 2 
0 2 6 2 
0 1 7 
0 2 4 7 
0 2 5 6 
492 5
0 2 1 50 
0 3 0 2 57 
0 3 3 66 1 
0 3 4 2 70 
0 3 5 3 74 
0 3 6 4 83 
0 3 5 7 87 
0 3 91 8 6 
0 3 95 7 9 
0 3 99 8 10 
0 3 103 11 9 
0 3 12 107 10 
0 3 111 13 11 
0 3 14 12 115 
0 3 15 13 119 
0 3 14 16 123 
0 3 15 17 127 
0 3 16 18 131 
0 3 19 17 135 
0 3 18 20 139 
0 3 19 21 143 
0 3 22 20 147 
0 3 23 21 156 
0 3 22 160 24 
0 3 25 164 23 
0 3 168 24 26 
0 3 172 27 25 
0 3 28 26 176 
0 3 27 29 180 
0 3 28 184 30 
0 3 188 29 31 
0 3 32 192 30 
0 3 31 33 196 
0 3 34 200 32 
0 3 33 204 35 
0 3 213 36 34 
0 3 37 35 217 
0 3 221 36 38 
0 3 39 37 225 
0 3 40 229 38 
0 3 39 41 231 
0 3 235 40 42 
0 3 43 239 41 
0 3 44 42 243 
0 3 43 45 247 
0 3 44 251 46 
0 3 47 255 45 
0 3 259 46 48 
0 3 47 263 49 
0 3 50 48 267 
0 3 49 0 51 
0 3 53 52 50 
0 2 54 51 
0 1 51 
0 2 52 55 
0 2 56 54 
0 1 55 
0 3 58 1 59 
0 1 57 
0 2 271 57 
0 3 61 277 63 
0 4 60 62 63 62 
0 2 61 61 
0 4 65 61 60 64 
0 2 65 63 
0 2 63 64 
0 3 2 67 68 
0 1 66 
0 2 278 66 
0 1 279 
0 3 3 71 72 
0 1 70 
0 2 280 70 
0 1 280 
0 3 4 75 76 
0 1 74 
0 2 281 74 
0 3 283 80 78 
0 4 79 79 80 77 
0 2 78 78 
0 4 77 82 81 78 
0 2 80 82 
0 2 80 81 
0 3 85 5 84 
0 1 83 
0 2 284 83 
0 1 284 
0 3 89 88 6 
0 1 87 
0 2 87 285 
0 1 285 
0 3 93 7 92 
0 1 91 
0 2 91 286 
0 1 286 
0 3 8 96 97 
0 1 95 
0 2 287 95 
0 1 295 
0 3 101 100 9 
0 1 99 
0 2 99 296 
0 1 301 
0 3 10 105 104 
0 1 103 
0 2 103 302 
0 1 302 
0 3 108 109 11 
0 1 107 
0 2 107 303 
0 1 303 
0 3 112 12 113 
0 1 111 
0 2 111 304 
0 1 304 
0 3 116 13 117 
0 1 115 
0 2 305 115 
0 1 310 
0 3 120 14 121 
0 1 119 
0 2 311 119 
0 1 314 
0 3 15 124 125 
0 1 123 
0 2 315 123 
0 1 318 
0 3 128 129 16 
0 1 127 
0 2 319 127 
0 1 322 
0 3 133 17 132 
0 1 131 
0 2 131 323 
0 1 328 
0 3 18 136 137 
0 1 135 
0 2 135 329 
0 1 340 
0 3 19 140 141 
0 1 139 
0 2 341 139 
0 1 346 
0 3 145 20 144 
0 1 143 
0 2 347 143 
0 0 
0 3 149 21 148 
0 1 147 
0 2 147 365 
0 3 151 153 367 
0 4 152 152 150 153 
0 2 151 151 
0 4 154 150 151 155 
0 2 153 155 
0 2 154 153 
0 3 158 157 22 
0 1 156 
0 2 156 368 
0 1 368 
0 3 23 162 161 
0 1 160 
0 2 369 160 
0 1 376 
0 3 166 24 165 
0 1 164 
0 2 377 164 
0 1 386 
0 3 25 169 170 
0 1 168 
0 2 168 387 
0 1 388 
0 3 173 26 174 
0 1 172 
0 2 389 172 
0 1 394 
0 3 178 177 27 
0 1 176 
0 2 176 395 
0 1 395 
0 3 182 28 181 
0 1 180 
0 2 180 396 
0 1 396 
0 3 29 185 186 
0 1 184 
0 2 184 397 
0 1 397 
0 3 30 189 190 
0 1 188 
0 2 398 188 
0 1 401 
0 3 31 193 194 
0 1 192 
0 2 402 192 
0 1 402 
0 3 198 32 197 
0 1 196 
0 2 403 196 
0 1 403 
0 3 33 201 202 
0 1 200 
0 2 200 404 
0 1 404 
0 3 205 34 206 
0 1 204 
0 2 204 405 
0 3 210 411 208 
0 4 210 209 209 207 
0 2 208 208 
0 4 207 208 212 211 
0 2 212 210 
0 2 211 210 
0 3 215 35 214 
0 1 213 
0 2 213 412 
0 1 412 
0 3 218 36 219 
0 1 217 
0 2 413 217 
0 1 419 
0 3 37 223 222 
0 1 221 
0 2 221 420 
0 1 423 
0 3 226 227 38 
0 1 225 
0 2 424 225 
0 1 424 
0 2 39 425 
0 1 436 
0 3 232 233 40 
0 1 231 
0 2 437 231 
0 1 450 
0 3 41 236 237 
0 1 235 
0 2 451 235 
0 1 454 
0 3 240 42 241 
0 1 239 
0 2 455 239 
0 1 455 
0 3 245 244 43 
0 1 243 
0 2 243 456 
0 1 456 
0 3 248 44 249 
0 1 247 
0 2 457 247 
0 1 457 
0 3 252 45 253 
0 1 251 
0 2 458 251 
0 1 459 
0 3 256 46 257 
0 1 255 
0 2 460 255 
0 1 460 
0 3 47 260 261 
0 1 259 
0 2 461 259 
0 1 461 
0 3 48 265 264 
0 1 263 
0 2 263 462 
0 1 473 
0 3 269 49 268 
0 1 267 
0 2 267 474 
0 1 474 
0 3 59 272 277 
0 3 271 274 273 
0 2 277 272 
0 2 272 275 
0 4 276 274 275 275 
0 2 275 277 
0 4 273 271 60 276 
0 3 68 279 437 
0 3 69 278 438 
0 2 73 72 
0 2 475 76 
0 2 283 475 
0 2 77 282 
0 2 85 86 
0 2 90 89 
0 2 93 94 
0 3 288 289 97 
0 2 287 289 
0 4 290 291 288 287 
0 2 289 291 
0 4 292 289 290 293 
0 2 295 291 
0 2 295 291 
0 0 
0 3 292 293 98 
0 3 101 297 298 
0 1 296 
0 3 299 300 296 
0 1 298 
0 2 298 301 
0 2 102 300 
0 2 105 106 
0 2 110 109 
0 2 114 113 
0 3 117 307 306 
0 1 305 
0 3 309 308 305 
0 1 307 
0 2 307 310 
0 2 309 118 
0 3 121 313 312 
0 2 311 313 
0 3 314 311 312 
0 2 313 122 
0 3 316 125 317 
0 1 315 
0 2 318 315 
0 2 317 126 
0 3 321 320 129 
0 1 319 
0 2 319 322 
0 2 130 321 
0 3 324 133 325 
0 1 323 
0 3 326 327 323 
0 1 325 
0 2 328 325 
0 2 327 134 
0 3 330 137 331 
0 1 329 
0 3 332 333 329 
0 1 331 
0 3 335 334 331 
0 1 333 
0 3 337 333 336 
0 1 335 
0 3 335 338 339 
0 1 337 
0 2 340 337 
0 2 138 339 
0 3 342 141 343 
0 1 341 
0 3 345 344 341 
0 2 345 343 
0 3 344 343 346 
0 2 142 345 
0 3 145 348 349 
0 1 347 
0 2 476 347 
0 2 484 476 
0 0 
0 0 
0 0 
0 0 
0 0 
0 0 
0 0 
0 0 
0 0 
0 0 
0 0 
0 0 
0 0 
0 0 
0 2 475 149 
0 2 475 367 
0 2 150 366 
0 2 158 159 
0 3 371 162 370 
0 1 369 
0 3 369 372 373 
0 1 371 
0 3 374 375 371 
0 1 373 
0 2 373 376 
0 2 163 375 
0 3 166 379 378 
0 1 377 
0 3 381 377 380 
0 1 379 
0 3 379 383 382 
0 1 381 
0 3 381 385 384 
0 1 383 
0 2 386 383 
0 2 167 385 
0 2 388 170 
0 2 387 171 
0 3 174 391 390 
0 1 389 
0 3 393 392 389 
0 1 391 
0 2 391 394 
0 2 175 393 
0 2 179 178 
0 2 182 183 
0 2 187 186 
0 3 399 190 400 
0 1 398 
0 2 401 398 
0 2 400 191 
0 2 194 195 
0 2 198 199 
0 2 203 202 
0 3 406 411 206 
0 3 407 408 405 
0 2 406 411 
0 2 406 409 
0 4 410 408 409 409 
0 2 409 411 
0 4 410 405 207 407 
0 2 216 215 
0 3 219 415 414 
0 2 413 415 
0 4 413 416 417 414 
0 2 415 419 
0 2 415 419 
0 0 
0 3 220 416 417 
0 3 421 422 223 
0 1 420 
0 2 420 423 
0 2 224 422 
0 2 227 228 
0 3 427 426 229 
0 1 425 
0 3 429 425 428 
0 1 427 
0 3 427 431 430 
0 1 429 
0 3 432 433 429 
0 1 431 
0 3 434 431 435 
0 1 433 
0 2 436 433 
0 2 230 435 
0 2 233 278 
0 3 439 449 279 
0 3 438 440 442 
0 4 441 441 439 442 
0 2 440 440 
0 4 443 444 439 440 
0 2 444 442 
0 4 443 446 442 445 
0 1 444 
0 3 447 448 444 
0 1 446 
0 2 450 446 
0 2 450 438 
0 3 449 448 234 
0 3 453 237 452 
0 1 451 
0 2 451 454 
0 2 238 453 
0 2 241 242 
0 2 246 245 
0 2 249 250 
0 2 253 459 
0 2 458 254 
0 2 258 257 
0 2 262 261 
0 3 464 463 265 
0 1 462 
0 3 465 462 466 
0 2 464 466 
0 4 464 468 465 467 
0 2 466 468 
0 4 470 469 466 467 
0 2 470 468 
0 4 469 468 471 472 
0 2 472 470 
0 3 471 473 470 
0 2 266 472 
0 2 270 269 
0 4 281 365 366 282 
0 4 477 478 349 350 
0 2 483 476 
0 3 479 483 476 
0 2 478 480 
0 4 479 481 481 482 
0 2 480 480 
0 2 483 480 
0 4 477 478 485 482 
0 2 350 489 
0 2 486 483 
0 4 487 485 487 488 
0 2 486 486 
0 2 489 486 
0 2 488 484 
0 0 
0 0 
26 5
0 2 4 1 
0 3 2 5 0 
0 3 1 9 3 
0 3 13 2 4 
0 2 0 3 
0 3 6 7 1 
0 1 5 
0 2 17 5 
0 1 19 
0 3 2 10 11 
0 1 9 
0 2 9 20 
0 1 22 
0 3 3 14 15 
0 1 13 
0 2 23 13 
0 1 25 
0 3 18 19 7 
0 2 17 19 
0 3 17 18 8 
0 3 22 21 11 
0 2 22 20 
0 3 21 20 12 
0 3 24 15 25 
0 2 25 23 
0 3 24 16 23 
72 5
0 2 10 1 
0 3 2 12 0 
0 3 16 1 3 
0 3 20 4 2 
0 3 24 3 5 
0 3 28 6 4 
0 3 32 7 5 
0 3 6 36 8 
0 3 38 9 7 
0 3 10 8 42 
0 3 44 0 9 
0 1 46 
0 3 13 14 1 
0 1 12 
0 2 47 12 
0 1 47 
0 3 17 2 18 
0 1 16 
0 2 48 16 
0 1 48 
0 3 3 21 22 
0 1 20 
0 2 20 49 
0 1 54 
0 3 25 4 26 
0 1 24 
0 2 55 24 
0 1 57 
0 3 5 29 30 
0 1 28 
0 2 58 28 
0 1 60 
0 3 6 33 34 
0 1 32 
0 2 61 32 
0 1 63 
0 2 7 44 
0 1 46 
0 3 8 39 40 
0 1 38 
0 2 38 64 
0 1 64 
0 2 65 9 
0 1 71 
0 4 10 46 45 36 
0 2 46 44 
0 4 44 45 37 11 
0 2 14 15 
0 2 18 19 
0 3 50 54 22 
0 3 51 49 53 
0 2 50 61 
0 2 53 63 
0 3 52 50 54 
0 3 23 53 49 
0 3 57 26 56 
0 2 55 57 
0 3 55 27 56 
0 3 60 30 59 
0 2 58 60 
0 3 58 31 59 
0 4 34 63 62 51 
0 2 61 63 
0 4 52 61 62 35 
0 2 41 40 
0 3 42 66 71 
0 3 70 67 65 
0 3 69 66 68 
0 2 67 69 
0 3 67 70 68 
0 3 66 69 71 
0 3 43 70 65 
26 5
0 2 4 1 
0 3 2 5 0 
0 3 1 9 3 
0 3 13 2 4 
0 2 0 3 
0 3 6 7 1 
0 1 5 
0 2 17 5 
0 1 19 
0 3 2 10 11 
0 1 9 
0 2 9 20 
0 1 22 
0 3 3 14 15 
0 1 13 
0 2 23 13 
0 1 25 
0 3 18 19 7 
0 2 17 19 
0 3 17 18 8 
0 3 22 21 11 
0 2 22 20 
0 3 21 20 12 
0 3 24 15 25 
0 2 25 23 
0 3 24 16 23 
78 5
0 2 11 1 
0 3 2 13 0 
0 3 1 3 17 
0 3 21 4 2 
0 3 3 25 5 
0 3 29 6 4 
0 3 7 33 5 
0 3 6 37 8 
0 3 9 7 41 
0 3 43 10 8 
0 3 47 9 11 
0 3 49 10 0 
0 1 51 
0 3 14 15 1 
0 1 13 
0 2 13 52 
0 1 52 
0 3 18 19 2 
0 1 17 
0 2 17 53 
0 1 53 
0 3 22 3 23 
0 1 21 
0 2 54 21 
0 1 59 
0 3 4 27 26 
0 1 25 
0 2 60 25 
0 1 62 
0 3 31 30 5 
0 1 29 
0 2 29 63 
0 1 65 
0 3 34 35 6 
0 1 33 
0 2 66 33 
0 1 66 
0 3 38 39 7 
0 1 37 
0 2 67 37 
0 1 69 
0 2 49 8 
0 1 51 
0 3 45 9 44 
0 1 43 
0 2 43 70 
0 1 70 
0 2 10 71 
0 1 77 
0 4 11 50 41 51 
0 2 51 49 
0 4 50 42 12 49 
0 2 16 15 
0 2 19 20 
0 3 55 23 59 
0 3 54 58 56 
0 2 67 55 
0 2 58 69 
0 3 57 59 55 
0 3 58 24 54 
0 3 27 61 62 
0 2 60 62 
0 3 28 61 60 
0 3 65 64 31 
0 2 63 65 
0 3 63 32 64 
0 2 35 36 
0 4 69 39 56 68 
0 2 69 67 
0 4 67 68 40 57 
0 2 46 45 
0 3 47 72 77 
0 3 73 71 76 
0 3 72 74 75 
0 2 73 75 
0 3 76 73 74 
0 3 75 72 77 
0 3 48 71 76 
35 5
0 2 5 1 
0 3 2 6 0 
0 3 1 8 3 
0 3 2 4 10 
0 3 5 14 3 
0 2 4 0 
0 2 1 16 
0 1 20 
0 2 2 21 
0 1 25 
0 3 11 12 3 
0 1 10 
0 2 26 10 
0 1 26 
0 2 4 27 
0 1 34 
0 3 20 17 6 
0 3 18 19 16 
0 1 17 
0 2 17 20 
0 3 16 19 7 
0 3 23 8 22 
0 1 21 
0 3 21 24 25 
0 1 23 
0 2 9 23 
0 2 13 12 
0 3 29 28 14 
0 1 27 
0 2 27 30 
0 4 32 31 29 31 
0 2 30 30 
0 3 30 33 34 
0 2 32 34 
0 3 15 33 32 
45 5
0 2 6 1 
0 3 2 7 0 
0 3 1 9 3 
0 3 13 2 4 
0 3 17 5 3 
0 3 6 19 4 
0 2 5 0 
0 2 1 21 
0 1 27 
0 3 10 11 2 
0 1 9 
0 2 9 28 
0 1 28 
0 3 3 15 14 
0 1 13 
0 2 29 13 
0 1 29 
0 2 4 30 
0 1 37 
0 2 5 38 
0 1 44 
0 3 23 22 7 
0 2 21 23 
0 4 21 24 22 25 
0 1 23 
0 3 26 27 23 
0 1 25 
0 2 25 8 
0 2 12 11 
0 2 15 16 
0 3 32 31 17 
0 1 30 
0 2 33 30 
0 4 35 32 34 34 
0 2 33 33 
0 3 33 36 37 
0 2 37 35 
0 3 18 36 35 
0 3 19 44 39 
0 3 41 40 38 
0 1 39 
0 3 39 43 42 
0 1 41 
0 2 44 41 
0 3 20 43 38 
15 5
0 2 2 1 
0 3 2 3 0 
0 2 0 1 
0 3 5 4 1 
0 1 3 
0 2 3 7 
0 1 14 
0 3 8 9 5 
0 1 7 
0 2 7 10 
0 4 9 14 11 13 
0 3 13 12 10 
0 1 11 
0 2 11 10 
0 2 6 10 
31 5
0 2 4 1 
0 3 2 5 0 
0 3 1 9 3 
0 3 13 2 4 
0 2 0 3 
0 3 6 7 1 
0 1 5 
0 2 5 17 
0 1 17 
0 3 2 10 11 
0 1 9 
0 2 18 9 
0 1 18 
0 3 3 15 14 
0 1 13 
0 2 13 19 
0 1 30 
0 2 7 8 
0 2 11 12 
0 3 21 15 20 
0 1 19 
0 3 19 22 23 
0 1 21 
0 2 24 21 
0 4 23 25 30 29 
0 3 24 27 26 
0 1 25 
0 3 29 28 25 
0 1 27 
0 2 27 24 
0 2 24 16 
15 5
0 2 2 1 
0 3 2 3 0 
0 2 0 1 
0 3 5 4 1 
0 1 3 
0 2 3 7 
0 1 14 
0 3 8 9 5 
0 1 7 
0 2 7 10 
0 4 9 14 11 13 
0 3 13 12 10 
0 1 11 
0 2 11 10 
0 2 6 10 
10 5
0 2 1 2 
0 1 0 
0 3 3 0 4 
0 1 2 
0 2 6 2 
0 1 9 
0 3 8 7 4 
0 2 6 9 
0 2 6 9 
0 3 5 8 7 
33 5
0 2 4 1 
0 3 2 5 0 
0 3 1 9 3 
0 3 13 2 4 
0 2 0 3 
0 3 6 7 1 
0 1 5 
0 2 17 5 
0 1 20 
0 3 10 2 11 
0 1 9 
0 2 9 21 
0 1 29 
0 3 3 14 15 
0 1 13 
0 2 30 13 
0 1 32 
0 2 7 18 
0 4 17 20 19 19 
0 2 18 18 
0 2 18 8 
0 3 23 22 11 
0 1 21 
0 3 21 24 25 
0 1 23 
0 3 26 27 23 
0 1 25 
0 3 28 29 25 
0 1 27 
0 2 12 27 
0 3 15 31 32 
0 1 30 
0 2 30 16 
35 5
0 2 5 1 
0 3 2 6 0 
0 3 1 8 3 
0 3 2 4 10 
0 3 5 14 3 
0 2 4 0 
0 2 1 16 
0 1 20 
0 2 2 21 
0 1 25 
0 3 11 12 3 
0 1 10 
0 2 26 10 
0 1 26 
0 2 4 27 
0 1 34 
0 3 20 17 6 
0 3 18 19 16 
0 1 17 
0 2 17 20 
0 3 16 19 7 
0 3 23 8 22 
0 1 21 
0 3 21 24 25 
0 1 23 
0 2 9 23 
0 2 13 12 
0 3 29 28 14 
0 1 27 
0 2 27 30 
0 4 32 31 29 31 
0 2 30 30 
0 3 30 33 34 
0 2 32 34 
0 3 15 33 32 
46 5
0 2 6 1 
0 3 2 7 0 
0 3 1 11 3 
0 3 15 2 4 
0 3 19 5 3 
0 3 6 4 23 
0 2 5 0 
0 3 9 1 8 
0 1 7 
0 2 27 7 
0 1 31 
0 3 2 13 12 
0 1 11 
0 2 32 11 
0 1 32 
0 3 3 16 17 
0 1 15 
0 2 33 15 
0 1 36 
0 3 4 20 21 
0 1 19 
0 2 37 19 
0 1 37 
0 3 24 25 5 
0 1 23 
0 2 23 38 
0 1 45 
0 4 9 35 28 29 
0 1 27 
0 3 31 30 27 
0 1 29 
0 3 29 36 10 
0 2 13 14 
0 3 17 34 35 
0 1 33 
0 2 33 27 
0 2 18 31 
0 2 22 21 
0 3 40 39 25 
0 1 38 
0 2 38 41 
0 4 42 40 43 42 
0 2 41 41 
0 3 45 41 44 
0 2 45 43 
0 3 43 44 26 
26 5
0 2 4 1 
0 3 2 5 0 
0 3 1 9 3 
0 3 13 2 4 
0 2 0 3 
0 3 6 7 1 
0 1 5 
0 2 17 5 
0 1 19 
0 3 2 10 11 
0 1 9 
0 2 9 20 
0 1 22 
0 3 3 14 15 
0 1 13 
0 2 23 13 
0 1 25 
0 3 18 19 7 
0 2 17 19 
0 3 17 18 8 
0 3 22 21 11 
0 2 22 20 
0 3 21 20 12 
0 3 24 15 25 
0 2 25 23 
0 3 24 16 23 
39 5
0 2 5 1 
0 3 2 6 0 
0 3 1 8 3 
0 3 12 2 4 
0 3 14 5 3 
0 2 4 0 
0 2 1 16 
0 1 22 
0 3 10 2 9 
0 1 8 
0 2 8 23 
0 1 23 
0 2 3 24 
0 1 31 
0 2 32 4 
0 1 38 
0 3 18 6 17 
0 2 18 16 
0 4 17 19 16 20 
0 1 18 
0 3 21 22 18 
0 1 20 
0 2 20 7 
0 2 10 11 
0 3 26 12 25 
0 1 24 
0 2 24 27 
0 4 28 26 28 29 
0 2 27 27 
0 3 31 30 27 
0 2 31 29 
0 3 29 30 13 
0 3 14 38 33 
0 3 35 34 32 
0 1 33 
0 3 33 36 37 
0 1 35 
0 2 38 35 
0 3 15 37 32 
45 5
0 2 6 1 
0 3 2 7 0 
0 3 1 9 3 
0 3 13 2 4 
0 3 17 5 3 
0 3 6 19 4 
0 2 5 0 
0 2 1 21 
0 1 27 
0 3 10 11 2 
0 1 9 
0 2 9 28 
0 1 28 
0 3 3 15 14 
0 1 13 
0 2 29 13 
0 1 29 
0 2 4 30 
0 1 37 
0 2 5 38 
0 1 44 
0 3 23 22 7 
0 2 21 23 
0 4 21 24 22 25 
0 1 23 
0 3 26 27 23 
0 1 25 
0 2 25 8 
0 2 12 11 
0 2 15 16 
0 3 32 31 17 
0 1 30 
0 2 33 30 
0 4 35 32 34 34 
0 2 33 33 
0 3 33 36 37 
0 2 37 35 
0 3 18 36 35 
0 3 19 44 39 
0 3 41 40 38 
0 1 39 
0 3 39 43 42 
0 1 41 
0 2 44 41 
0 3 20 43 38 
39 5
0 2 5 1 
0 3 2 6 0 
0 3 1 3 8 
0 3 2 4 10 
0 3 14 5 3 
0 2 4 0 
0 2 1 16 
0 1 22 
0 2 23 2 
0 1 29 
0 3 11 12 3 
0 1 10 
0 2 30 10 
0 1 30 
0 2 4 31 
0 1 38 
0 3 18 6 17 
0 2 18 16 
0 4 17 19 16 20 
0 1 18 
0 3 21 22 18 
0 1 20 
0 2 20 7 
0 3 24 8 29 
0 3 23 26 25 
0 1 24 
0 3 24 28 27 
0 1 26 
0 2 29 26 
0 3 28 9 23 
0 2 13 12 
0 3 33 14 32 
0 1 31 
0 2 34 31 
0 4 35 36 33 35 
0 2 34 34 
0 3 37 34 38 
0 2 36 38 
0 3 15 36 37 
39 5
0 2 5 1 
0 3 2 6 0 
0 3 1 8 3 
0 3 12 2 4 
0 3 14 5 3 
0 2 4 0 
0 2 1 16 
0 1 22 
0 3 10 2 9 
0 1 8 
0 2 8 23 
0 1 23 
0 2 3 24 
0 1 31 
0 2 32 4 
0 1 38 
0 3 18 6 17 
0 2 18 16 
0 4 17 19 16 20 
0 1 18 
0 3 21 22 18 
0 1 20 
0 2 20 7 
0 2 10 11 
0 3 26 12 25 
0 1 24 
0 2 24 27 
0 4 28 26 28 29 
0 2 27 27 
0 3 31 30 27 
0 2 31 29 
0 3 29 30 13 
0 3 14 38 33 
0 3 35 34 32 
0 1 33 
0 3 33 36 37 
0 1 35 
0 2 38 35 
0 3 15 37 32 
48 5
0 2 1 6 
0 3 0 10 2 
0 3 14 3 1 
0 3 2 4 18 
0 3 22 5 3 
0 1 4 
0 3 8 7 0 
0 1 6 
0 2 6 26 
0 1 29 
0 3 12 1 11 
0 1 10 
0 2 10 30 
0 1 30 
0 3 2 16 15 
0 1 14 
0 2 31 14 
0 1 35 
0 3 20 19 3 
0 1 18 
0 2 18 36 
0 1 46 
0 3 4 24 23 
0 1 22 
0 2 22 47 
0 1 47 
0 3 27 8 28 
0 2 28 26 
0 3 27 29 26 
0 2 9 28 
0 2 13 12 
0 3 32 16 33 
0 1 31 
0 2 31 34 
0 2 33 35 
0 2 17 34 
0 3 38 20 37 
0 1 36 
0 2 36 39 
0 4 40 42 41 38 
0 2 39 41 
0 2 39 40 
0 3 39 43 44 
0 2 42 44 
0 3 45 43 42 
0 2 44 46 
0 2 21 45 
0 2 25 24 
26 5
0 2 4 1 
0 3 2 5 0 
0 3 1 9 3 
0 3 13 2 4 
0 2 0 3 
0 3 6 7 1 
0 1 5 
0 2 17 5 
0 1 19 
0 3 2 10 11 
0 1 9 
0 2 9 20 
0 1 22 
0 3 3 14 15 
0 1 13 
0 2 23 13 
0 1 25 
0 3 18 19 7 
0 2 17 19 
0 3 17 18 8 
0 3 22 21 11 
0 2 22 20 
0 3 21 20 12 
0 3 24 15 25 
0 2 25 23 
0 3 24 16 23 
78 5
0 2 11 1 
0 3 2 13 0 
0 3 1 3 17 
0 3 21 4 2 
0 3 3 25 5 
0 3 29 6 4 
0 3 7 33 5 
0 3 6 37 8 
0 3 9 7 41 
0 3 43 10 8 
0 3 47 9 11 
0 3 49 10 0 
0 1 51 
0 3 14 15 1 
0 1 13 
0 2 52 13 
0 1 52 
0 3 18 19 2 
0 1 17 
0 2 17 53 
0 1 53 
0 3 22 3 23 
0 1 21 
0 2 21 54 
0 1 59 
0 3 4 27 26 
0 1 25 
0 2 25 60 
0 1 62 
0 3 31 30 5 
0 1 29 
0 2 29 63 
0 1 65 
0 3 34 35 6 
0 1 33 
0 2 33 66 
0 1 66 
0 3 38 39 7 
0 1 37 
0 2 37 67 
0 1 69 
0 2 49 8 
0 1 51 
0 3 45 9 44 
0 1 43 
0 2 43 70 
0 1 70 
0 2 10 71 
0 1 77 
0 4 11 50 41 51 
0 2 49 51 
0 4 42 12 50 49 
0 2 15 16 
0 2 20 19 
0 3 59 55 23 
0 3 56 54 58 
0 2 55 67 
0 2 58 69 
0 3 59 57 55 
0 3 58 24 54 
0 3 62 61 27 
0 2 62 60 
0 3 61 60 28 
0 3 65 31 64 
0 2 63 65 
0 3 63 64 32 
0 2 35 36 
0 4 56 68 69 39 
0 2 69 67 
0 4 68 40 67 57 
0 2 46 45 
0 3 77 72 47 
0 3 73 71 76 
0 3 75 72 74 
0 2 75 73 
0 3 74 73 76 
0 3 77 75 72 
0 3 48 71 76 
48 5
0 2 1 6 
0 3 0 10 2 
0 3 14 3 1 
0 3 2 4 18 
0 3 22 5 3 
0 1 4 
0 3 8 7 0 
0 1 6 
0 2 6 26 
0 1 29 
0 3 12 1 11 
0 1 10 
0 2 10 30 
0 1 30 
0 3 2 16 15 
0 1 14 
0 2 31 14 
0 1 35 
0 3 20 19 3 
0 1 18 
0 2 18 36 
0 1 46 
0 3 4 24 23 
0 1 22 
0 2 22 47 
0 1 47 
0 3 27 8 28 
0 2 28 26 
0 3 27 29 26 
0 2 9 28 
0 2 13 12 
0 3 32 16 33 
0 1 31 
0 2 31 34 
0 2 33 35 
0 2 17 34 
0 3 38 20 37 
0 1 36 
0 2 36 39 
0 4 40 42 41 38 
0 2 39 41 
0 2 39 40 
0 3 39 43 44 
0 2 42 44 
0 3 45 43 42 
0 2 44 46 
0 2 21 45 
0 2 25 24 
76 5
0 2 10 1 
0 3 2 12 0 
0 3 1 16 3 
0 3 4 20 2 
0 3 3 24 5 
0 3 6 4 28 
0 3 7 5 30 
0 3 6 34 8 
0 3 38 9 7 
0 3 42 10 8 
0 3 46 0 9 
0 1 59 
0 3 1 13 14 
0 1 12 
0 2 60 12 
0 1 60 
0 3 18 2 17 
0 1 16 
0 2 61 16 
0 1 63 
0 3 22 3 21 
0 1 20 
0 2 64 20 
0 1 68 
0 3 25 26 4 
0 1 24 
0 2 69 24 
0 1 69 
0 2 46 5 
0 1 59 
0 3 31 32 6 
0 1 30 
0 2 70 30 
0 1 70 
0 3 36 35 7 
0 1 34 
0 2 71 34 
0 1 71 
0 3 39 8 40 
0 1 38 
0 2 38 72 
0 1 74 
0 3 9 43 44 
0 1 42 
0 2 75 42 
0 1 75 
0 4 10 47 48 28 
0 1 46 
0 3 46 50 49 
0 1 48 
0 3 52 51 48 
0 1 50 
0 3 54 50 53 
0 1 52 
0 3 52 55 56 
0 2 54 59 
0 3 57 58 54 
0 1 56 
0 2 56 59 
0 4 11 58 29 55 
0 2 15 14 
0 3 63 18 62 
0 1 61 
0 2 61 19 
0 3 22 65 66 
0 1 64 
0 3 68 67 64 
0 2 68 66 
0 3 67 66 23 
0 2 26 27 
0 2 32 33 
0 2 36 37 
0 3 73 40 74 
0 1 72 
0 2 41 72 
0 2 44 45 
25 5
0 2 2 1 
0 3 2 3 0 
0 2 1 0 
0 3 1 5 4 
0 1 3 
0 2 7 3 
0 1 24 
0 3 9 8 5 
0 1 7 
0 3 10 7 11 
0 1 9 
0 3 12 13 9 
0 1 11 
0 3 14 15 11 
0 1 13 
0 3 17 13 16 
0 1 15 
0 2 15 18 
0 4 24 23 17 19 
0 3 21 20 18 
0 1 19 
0 3 19 23 22 
0 1 21 
0 2 18 21 
0 2 18 6 
17 5
0 2 2 1 
0 3 2 3 0 
0 2 0 1 
0 3 5 4 1 
0 1 3 
0 2 3 7 
0 1 16 
0 3 9 8 5 
0 1 7 
0 2 7 10 
0 4 15 9 16 11 
0 3 13 12 10 
0 1 11 
0 3 15 11 14 
0 1 13 
0 2 13 10 
0 2 6 10 
26 5
0 2 4 1 
0 3 7 2 0 
0 3 1 11 3 
0 3 15 2 4 
0 4 0 6 3 5 
0 2 6 4 
0 2 5 4 
0 3 1 8 9 
0 1 7 
0 2 19 7 
0 1 19 
0 3 2 12 13 
0 1 11 
0 2 11 20 
0 1 24 
0 3 16 3 17 
0 1 15 
0 2 25 15 
0 1 25 
0 2 9 10 
0 3 22 21 13 
0 1 20 
0 3 23 24 20 
0 1 22 
0 2 22 14 
0 2 18 17 
19 5
0 2 3 1 
0 3 2 4 0 
0 3 1 8 3 
0 2 2 0 
0 3 5 1 6 
0 1 4 
0 2 4 10 
0 1 12 
0 2 2 13 
0 1 18 
0 3 11 12 6 
0 2 10 12 
0 3 11 10 7 
0 2 8 14 
0 4 15 13 16 15 
0 2 14 14 
0 3 18 14 17 
0 2 18 16 
0 3 17 9 16 
41 5
0 2 6 1 
0 3 2 7 0 
0 3 1 11 3 
0 3 15 2 4 
0 3 19 5 3 
0 3 6 4 23 
0 2 5 0 
0 3 9 1 8 
0 1 7 
0 2 7 27 
0 1 31 
0 3 2 13 12 
0 1 11 
0 2 11 32 
0 1 32 
0 3 3 16 17 
0 1 15 
0 2 33 15 
0 1 36 
0 3 4 20 21 
0 1 19 
0 2 37 19 
0 1 37 
0 3 24 25 5 
0 1 23 
0 2 38 23 
0 1 40 
0 4 35 29 9 28 
0 1 27 
0 3 30 31 27 
0 1 29 
0 3 36 10 29 
0 2 13 14 
0 3 17 35 34 
0 1 33 
0 2 33 27 
0 2 31 18 
0 2 21 22 
0 3 39 25 40 
0 1 38 
0 2 38 26 
188 5
0 2 24 1 
0 3 2 25 0 
0 3 1 27 3 
0 3 4 29 2 
0 3 31 3 5 
0 3 33 6 4 
0 3 7 35 5 
0 3 6 37 8 
0 3 41 9 7 
0 3 43 10 8 
0 3 9 11 45 
0 3 47 12 10 
0 3 51 11 13 
0 3 55 14 12 
0 3 15 13 59 
0 3 14 61 16 
0 3 63 17 15 
0 3 67 18 16 
0 3 19 17 71 
0 3 18 20 75 
0 3 79 21 19 
0 3 83 20 22 
0 3 21 23 87 
0 3 22 89 24 
0 2 0 23 
0 2 1 93 
0 1 97 
0 2 98 2 
0 1 102 
0 2 103 3 
0 1 107 
0 2 4 108 
0 1 108 
0 2 5 109 
0 1 116 
0 2 117 6 
0 1 119 
0 3 38 39 7 
0 1 37 
0 2 37 120 
0 1 122 
0 2 8 123 
0 1 125 
0 2 126 9 
0 1 137 
0 2 138 10 
0 1 142 
0 3 48 11 49 
0 1 47 
0 2 143 47 
0 1 143 
0 3 12 52 53 
0 1 51 
0 2 51 144 
0 1 146 
0 3 13 56 57 
0 1 55 
0 2 147 55 
0 1 147 
0 2 148 14 
0 1 150 
0 2 151 15 
0 1 159 
0 3 65 16 64 
0 1 63 
0 2 63 160 
0 1 160 
0 3 17 69 68 
0 1 67 
0 2 67 161 
0 1 161 
0 3 73 18 72 
0 1 71 
0 2 162 71 
0 1 162 
0 3 76 19 77 
0 1 75 
0 2 163 75 
0 1 163 
0 3 20 80 81 
0 1 79 
0 2 164 79 
0 1 164 
0 3 21 85 84 
0 1 83 
0 2 83 165 
0 1 165 
0 2 166 22 
0 1 169 
0 3 90 23 91 
0 1 89 
0 2 89 170 
0 1 172 
0 3 94 95 25 
0 1 93 
0 3 96 97 93 
0 1 95 
0 2 95 26 
0 3 100 27 99 
0 1 98 
0 3 101 98 102 
0 1 100 
0 2 28 100 
0 3 105 104 29 
0 1 103 
0 3 103 106 107 
0 1 105 
0 2 30 105 
0 2 31 32 
0 3 111 110 33 
0 1 109 
0 3 109 112 113 
0 1 111 
0 3 115 114 111 
0 2 116 113 
0 2 113 116 
0 3 114 34 115 
0 3 35 119 118 
0 1 117 
0 2 36 117 
0 3 121 39 122 
0 1 120 
0 2 40 120 
0 3 124 41 125 
0 1 123 
0 2 123 42 
0 3 43 127 128 
0 1 126 
0 3 130 129 126 
0 1 128 
0 3 133 128 131 
0 2 130 173 
0 2 133 178 
0 4 130 132 137 134 
0 3 135 133 136 
0 1 134 
0 2 137 134 
0 3 44 133 136 
0 3 45 139 140 
0 1 138 
0 3 141 138 142 
0 1 140 
0 2 46 140 
0 2 49 50 
0 3 145 146 53 
0 1 144 
0 2 54 144 
0 2 57 58 
0 3 59 150 149 
0 1 148 
0 2 60 148 
0 3 61 153 152 
0 1 151 
0 3 154 151 155 
0 1 153 
0 3 156 157 153 
0 1 155 
0 3 158 155 159 
0 1 157 
0 2 62 157 
0 2 65 66 
0 2 70 69 
0 2 73 74 
0 2 77 78 
0 2 81 82 
0 2 86 85 
0 3 87 168 167 
0 1 166 
0 2 166 179 
0 2 88 182 
0 3 172 171 91 
0 1 170 
0 2 92 170 
0 3 175 174 131 
0 1 173 
0 3 176 173 177 
0 2 175 178 
0 2 178 175 
0 3 177 132 176 
0 3 182 168 180 
0 2 183 179 
0 2 182 187 
0 3 181 169 179 
0 2 180 184 
0 4 186 183 185 185 
0 2 184 184 
0 2 187 184 
0 2 186 181 
14 5
0 2 3 1 
0 3 2 4 0 
0 3 8 1 3 
0 2 0 2 
0 3 6 1 5 
0 1 4 
0 2 4 12 
0 1 12 
0 3 9 2 10 
0 1 8 
0 2 13 8 
0 1 13 
0 2 7 6 
0 2 11 10 
19 5
0 2 3 1 
0 3 2 4 0 
0 3 1 8 3 
0 2 2 0 
0 3 5 1 6 
0 1 4 
0 2 4 10 
0 1 12 
0 2 2 13 
0 1 18 
0 3 11 12 6 
0 2 10 12 
0 3 11 10 7 
0 2 8 14 
0 4 15 13 16 15 
0 2 14 14 
0 3 18 14 17 
0 2 18 16 
0 3 17 9 16 
19 5
0 2 3 1 
0 3 2 4 0 
0 3 1 8 3 
0 2 2 0 
0 3 5 1 6 
0 1 4 
0 2 4 10 
0 1 12 
0 2 2 13 
0 1 18 
0 3 11 12 6 
0 2 10 12 
0 3 11 10 7 
0 2 8 14 
0 4 15 13 16 15 
0 2 14 14 
0 3 18 14 17 
0 2 18 16 
0 3 17 9 16 
39 5
0 2 5 1 
0 3 2 6 0 
0 3 1 3 8 
0 3 2 4 10 
0 3 14 5 3 
0 2 4 0 
0 2 1 16 
0 1 22 
0 2 23 2 
0 1 29 
0 3 11 12 3 
0 1 10 
0 2 30 10 
0 1 30 
0 2 4 31 
0 1 38 
0 3 18 6 17 
0 2 18 16 
0 4 17 19 16 20 
0 1 18 
0 3 21 22 18 
0 1 20 
0 2 20 7 
0 3 24 8 29 
0 3 23 26 25 
0 1 24 
0 3 24 28 27 
0 1 26 
0 2 29 26 
0 3 28 9 23 
0 2 13 12 
0 3 33 14 32 
0 1 31 
0 2 34 31 
0 4 35 36 33 35 
0 2 34 34 
0 3 37 34 38 
0 2 36 38 
0 3 15 36 37 
39 5
0 2 5 1 
0 3 2 6 0 
0 3 1 3 8 
0 3 2 4 10 
0 3 14 5 3 
0 2 4 0 
0 2 1 16 
0 1 22 
0 2 23 2 
0 1 29 
0 3 11 12 3 
0 1 10 
0 2 30 10 
0 1 30 
0 2 4 31 
0 1 38 
0 3 18 6 17 
0 2 18 16 
0 4 17 19 16 20 
0 1 18 
0 3 21 22 18 
0 1 20 
0 2 20 7 
0 3 24 8 29 
0 3 23 26 25 
0 1 24 
0 3 24 28 27 
0 1 26 
0 2 29 26 
0 3 28 9 23 
0 2 13 12 
0 3 33 14 32 
0 1 31 
0 2 34 31 
0 4 35 36 33 35 
0 2 34 34 
0 3 37 34 38 
0 2 36 38 
0 3 15 36 37 
274 5
0 2 1 23 
0 3 24 0 2 
0 3 1 26 3 
0 3 30 4 2 
0 3 3 34 5 
0 3 38 6 4 
0 3 42 7 5 
0 3 6 46 8 
0 3 9 7 50 
0 3 54 10 8 
0 3 9 11 58 
0 3 62 12 10 
0 3 11 64 13 
0 3 68 14 12 
0 3 15 13 72 
0 3 14 76 16 
0 3 80 17 15 
0 3 18 84 16 
0 3 19 88 17 
0 3 18 20 92 
0 3 21 19 96 
0 3 20 22 100 
0 3 21 23 104 
0 2 22 0 
0 2 1 108 
0 1 136 
0 3 27 2 28 
0 1 26 
0 2 26 137 
0 1 140 
0 3 3 32 31 
0 1 30 
0 2 141 30 
0 1 141 
0 3 36 35 4 
0 1 34 
0 2 34 142 
0 1 149 
0 3 39 40 5 
0 1 38 
0 2 38 150 
0 1 152 
0 3 6 43 44 
0 1 42 
0 2 42 153 
0 0 
0 3 48 7 47 
0 1 46 
0 2 46 158 
0 1 158 
0 3 51 52 8 
0 1 50 
0 2 159 50 
0 1 159 
0 3 9 56 55 
0 1 54 
0 2 54 160 
0 1 194 
0 3 59 60 10 
0 1 58 
0 2 58 195 
0 1 195 
0 2 11 196 
0 1 196 
0 3 65 66 12 
0 1 64 
0 2 64 197 
0 1 197 
0 3 70 13 69 
0 1 68 
0 2 68 198 
0 1 198 
0 3 14 74 73 
0 1 72 
0 2 199 72 
0 1 212 
0 3 78 77 15 
0 1 76 
0 2 76 213 
0 1 213 
0 3 82 16 81 
0 1 80 
0 2 80 214 
0 1 219 
0 3 86 85 17 
0 1 84 
0 2 84 220 
0 1 220 
0 3 90 18 89 
0 1 88 
0 2 88 221 
0 1 234 
0 3 94 93 19 
0 1 92 
0 2 92 235 
0 1 243 
0 3 20 97 98 
0 1 96 
0 2 244 96 
0 1 246 
0 3 101 102 21 
0 1 100 
0 2 100 247 
0 1 247 
0 3 105 22 106 
0 1 104 
0 2 248 104 
0 1 254 
0 3 110 109 24 
0 1 108 
0 3 108 112 111 
0 1 110 
0 3 113 110 114 
0 1 112 
0 3 116 115 112 
0 1 114 
0 2 114 137 
0 3 118 119 140 
0 1 117 
0 3 121 117 120 
0 1 119 
0 2 119 122 
0 4 121 123 124 123 
0 2 122 122 
0 3 125 126 122 
0 1 124 
0 3 128 124 127 
0 1 126 
0 3 129 126 130 
0 1 128 
0 3 128 132 131 
0 1 130 
0 3 133 130 134 
0 1 132 
0 3 135 136 132 
0 1 134 
0 2 25 134 
0 4 139 116 138 28 
0 2 137 140 
0 2 137 140 
0 4 139 117 138 29 
0 2 33 32 
0 3 36 144 143 
0 1 142 
0 3 146 142 145 
0 1 144 
0 3 147 144 148 
0 1 146 
0 2 255 146 
0 2 259 37 
0 3 152 151 40 
0 1 150 
0 2 150 41 
0 3 155 44 154 
0 1 153 
0 3 156 153 157 
0 1 155 
0 1 155 
0 2 49 48 
0 2 53 52 
0 3 161 162 56 
0 1 160 
0 2 160 163 
0 4 164 165 164 162 
0 2 163 163 
0 3 167 166 163 
0 1 165 
0 3 165 169 168 
0 1 167 
0 3 170 167 171 
0 2 169 171 
0 4 170 193 169 172 
0 2 171 173 
0 4 175 174 174 172 
0 2 173 173 
0 3 173 176 177 
0 1 175 
0 3 179 178 175 
0 1 177 
0 3 181 180 177 
0 1 179 
0 3 179 183 182 
0 2 183 181 
0 4 181 184 182 185 
0 2 185 183 
0 4 184 186 187 183 
0 2 187 185 
0 4 186 185 188 190 
0 2 187 260 
0 2 192 262 
0 2 263 187 
0 2 263 192 
0 3 189 194 191 
0 1 171 
0 2 57 192 
0 2 60 61 
0 2 62 63 
0 2 67 66 
0 2 70 71 
0 3 201 200 74 
0 1 199 
0 3 199 202 203 
0 1 201 
0 3 204 201 205 
0 1 203 
0 3 207 206 203 
0 1 205 
0 3 205 209 208 
0 1 207 
0 2 264 207 
0 3 212 267 211 
0 2 210 212 
0 3 210 75 211 
0 2 78 79 
0 3 216 215 82 
0 1 214 
0 2 264 214 
0 3 267 219 218 
0 2 217 219 
0 3 83 217 218 
0 2 87 86 
0 3 222 90 223 
0 1 221 
0 3 224 225 221 
0 1 223 
0 3 223 227 226 
0 1 225 
0 3 228 229 225 
0 1 227 
0 3 230 227 231 
0 1 229 
0 2 229 264 
0 3 233 234 267 
0 2 232 234 
0 3 232 91 233 
0 3 236 94 237 
0 1 235 
0 3 239 238 235 
0 1 237 
0 3 237 240 241 
0 1 239 
0 3 243 239 242 
0 1 241 
0 2 95 241 
0 3 245 246 98 
0 1 244 
0 2 244 99 
0 2 103 102 
0 2 106 249 
0 4 254 248 253 250 
0 3 252 251 249 
0 1 250 
0 2 268 250 
0 2 249 273 
0 2 249 107 
0 3 257 148 256 
0 1 255 
0 3 255 258 259 
0 1 257 
0 2 257 149 
0 3 262 261 188 
0 1 260 
0 2 260 189 
0 2 190 191 
0 5 216 209 265 231 266 
0 2 267 264 
0 2 267 264 
0 5 217 265 266 232 210 
0 3 252 270 269 
0 2 270 268 
0 4 269 268 271 272 
0 2 270 273 
0 2 270 273 
0 3 271 272 253 
39 5
0 2 5 1 
0 3 2 6 0 
0 3 1 3 8 
0 3 2 4 10 
0 3 14 5 3 
0 2 4 0 
0 2 1 16 
0 1 22 
0 2 23 2 
0 1 29 
0 3 11 12 3 
0 1 10 
0 2 30 10 
0 1 30 
0 2 4 31 
0 1 38 
0 3 18 6 17 
0 2 18 16 
0 4 17 19 16 20 
0 1 18 
0 3 21 22 18 
0 1 20 
0 2 20 7 
0 3 24 8 29 
0 3 23 26 25 
0 1 24 
0 3 24 28 27 
0 1 26 
0 2 29 26 
0 3 28 9 23 
0 2 13 12 
0 3 33 14 32 
0 1 31 
0 2 34 31 
0 4 35 36 33 35 
0 2 34 34 
0 3 37 34 38 
0 2 36 38 
0 3 15 36 37 
39 5
0 2 5 1 
0 3 2 6 0 
0 3 1 3 8 
0 3 2 4 10 
0 3 14 5 3 
0 2 4 0 
0 2 1 16 
0 1 22 
0 2 23 2 
0 1 29 
0 3 11 12 3 
0 1 10 
0 2 30 10 
0 1 30 
0 2 4 31 
0 1 38 
0 3 18 6 17 
0 2 18 16 
0 4 17 19 16 20 
0 1 18 
0 3 21 22 18 
0 1 20 
0 2 20 7 
0 3 24 8 29 
0 3 23 26 25 
0 1 24 
0 3 24 28 27 
0 1 26 
0 2 29 26 
0 3 28 9 23 
0 2 13 12 
0 3 33 14 32 
0 1 31 
0 2 34 31 
0 4 35 36 33 35 
0 2 34 34 
0 3 37 34 38 
0 2 36 38 
0 3 15 36 37 
15 5
0 2 2 1 
0 3 2 3 0 
0 2 0 1 
0 3 5 4 1 
0 1 3 
0 2 3 7 
0 1 14 
0 3 9 5 8 
0 1 7 
0 2 7 10 
0 4 13 14 11 9 
0 3 12 10 13 
0 1 11 
0 2 10 11 
0 2 10 6 
12 5
0 2 1 2 
0 1 0 
0 3 3 0 4 
0 1 2 
0 2 6 2 
0 1 11 
0 2 4 7 
0 4 9 8 10 6 
0 2 9 7 
0 2 8 7 
0 2 11 7 
0 2 5 10 
14 5
0 2 3 1 
0 3 2 4 0 
0 3 1 6 3 
0 2 0 2 
0 2 1 10 
0 1 12 
0 3 7 8 2 
0 1 6 
0 2 13 6 
0 1 13 
0 3 11 12 4 
0 1 10 
0 2 5 10 
0 2 9 8 
39 5
0 2 5 1 
0 3 2 6 0 
0 3 1 3 8 
0 3 2 4 10 
0 3 14 5 3 
0 2 4 0 
0 2 1 16 
0 1 22 
0 2 23 2 
0 1 29 
0 3 11 12 3 
0 1 10 
0 2 30 10 
0 1 30 
0 2 4 31 
0 1 38 
0 3 18 6 17 
0 2 18 16 
0 4 17 19 16 20 
0 1 18 
0 3 21 22 18 
0 1 20 
0 2 20 7 
0 3 24 8 29 
0 3 23 26 25 
0 1 24 
0 3 24 28 27 
0 1 26 
0 2 29 26 
0 3 28 9 23 
0 2 13 12 
0 3 33 14 32 
0 1 31 
0 2 34 31 
0 4 35 36 33 35 
0 2 34 34 
0 3 37 34 38 
0 2 36 38 
0 3 15 36 37 
