5
23 9
0 2 3 1 
0 3 4 0 2 
0 3 3 1 8 
0 2 2 0 
0 3 6 1 5 
0 1 4 
0 2 4 12 
0 1 21 
0 3 10 2 9 
0 1 8 
0 2 8 22 
0 1 22 
0 2 13 6 
0 4 20 12 14 21 
0 3 16 15 13 
0 1 14 
0 3 14 18 17 
0 1 16 
0 3 16 19 20 
0 1 18 
0 2 13 18 
0 2 7 13 
0 2 11 10 
46 9
0 2 1 5 
0 3 6 0 2 
0 3 10 3 1 
0 3 2 4 14 
0 3 3 18 5 
0 2 4 0 
0 3 7 1 8 
0 1 6 
0 2 22 6 
0 1 27 
0 3 11 2 12 
0 1 10 
0 2 10 28 
0 1 28 
0 3 15 16 3 
0 1 14 
0 2 29 14 
0 1 32 
0 3 19 4 20 
0 1 18 
0 2 33 18 
0 1 33 
0 3 8 27 23 
0 3 24 25 22 
0 2 23 25 
0 3 24 34 23 
0 2 40 27 
0 3 9 22 26 
0 2 13 12 
0 2 16 30 
0 4 31 29 31 32 
0 2 30 30 
0 2 17 30 
0 2 20 21 
0 3 35 39 25 
0 2 34 36 
0 4 38 37 35 37 
0 2 36 36 
0 2 36 39 
0 3 34 38 41 
0 2 45 26 
0 2 42 39 
0 4 43 44 41 43 
0 2 42 42 
0 2 42 45 
0 2 40 44 
63 9
0 2 6 1 
0 3 0 2 7 
0 3 3 11 1 
0 3 2 4 15 
0 3 19 3 5 
0 3 23 6 4 
0 2 0 5 
0 3 9 8 1 
0 1 7 
0 2 27 7 
0 1 32 
0 3 13 2 12 
0 1 11 
0 2 11 33 
0 1 41 
0 3 17 16 3 
0 1 15 
0 2 15 42 
0 1 44 
0 3 21 4 20 
0 1 19 
0 2 19 45 
0 1 45 
0 3 24 25 5 
0 1 23 
0 2 46 23 
0 1 46 
0 3 9 29 28 
0 1 27 
0 3 30 27 31 
0 2 29 31 
0 3 47 30 29 
0 2 10 53 
0 2 34 13 
0 4 33 35 41 40 
0 3 38 34 36 
0 2 54 35 
0 2 38 57 
0 4 40 39 35 37 
0 1 38 
0 2 38 34 
0 2 14 34 
0 3 17 44 43 
0 1 42 
0 2 42 18 
0 2 22 21 
0 2 25 26 
0 3 48 31 52 
0 2 47 49 
0 4 51 48 50 50 
0 2 49 49 
0 2 49 52 
0 3 58 47 51 
0 2 62 32 
0 3 36 55 57 
0 2 54 58 
0 2 57 62 
0 3 56 54 37 
0 3 52 59 55 
0 4 60 58 60 61 
0 2 59 59 
0 2 59 62 
0 3 53 61 56 
29 9
0 2 1 2 
0 3 3 0 2 
0 2 0 1 
0 3 1 5 4 
0 1 3 
0 2 3 7 
0 1 16 
0 3 8 12 5 
0 2 7 9 
0 4 11 10 8 10 
0 2 9 9 
0 2 9 16 
0 3 14 7 13 
0 2 14 12 
0 3 12 13 17 
0 2 16 23 
0 3 15 11 6 
0 3 22 18 14 
0 2 17 19 
0 4 21 20 18 20 
0 2 19 19 
0 2 19 22 
0 3 17 21 24 
0 2 28 15 
0 2 22 25 
0 4 26 26 24 27 
0 2 25 25 
0 2 28 25 
0 2 27 23 
12 9
0 2 2 1 
0 1 0 
0 2 0 4 
0 1 11 
0 3 6 2 5 
0 1 4 
0 3 7 10 4 
0 3 8 6 9 
0 1 7 
0 2 7 10 
0 3 6 9 11 
0 2 3 10 
