14
36 6
0 2 1 5 
0 3 6 2 0 
0 3 10 1 3 
0 3 4 14 2 
0 3 3 5 18 
0 2 4 0 
0 3 1 7 8 
0 1 6 
0 2 20 6 
0 1 24 
0 3 2 11 12 
0 1 10 
0 2 25 10 
0 1 29 
0 3 3 16 15 
0 1 14 
0 2 14 30 
0 1 32 
0 2 33 4 
0 1 35 
0 3 21 8 22 
0 1 20 
0 3 23 20 24 
0 1 22 
0 2 9 22 
0 3 27 12 26 
0 1 25 
0 3 25 29 28 
0 1 27 
0 2 27 13 
0 3 31 16 32 
0 1 30 
0 2 17 30 
0 3 35 34 18 
0 1 33 
0 2 33 19 
34 6
0 2 1 5 
0 3 6 2 0 
0 3 10 1 3 
0 3 4 2 14 
0 3 3 5 18 
0 2 4 0 
0 3 1 7 8 
0 1 6 
0 2 20 6 
0 1 24 
0 3 2 11 12 
0 1 10 
0 2 25 10 
0 1 25 
0 3 3 16 15 
0 1 14 
0 2 14 26 
0 1 30 
0 2 4 31 
0 1 33 
0 3 21 8 22 
0 1 20 
0 3 23 20 24 
0 1 22 
0 2 9 22 
0 2 12 13 
0 3 27 28 16 
0 1 26 
0 3 30 26 29 
0 1 28 
0 2 17 28 
0 3 32 18 33 
0 1 31 
0 2 31 19 
28 6
0 2 4 1 
0 3 5 2 0 
0 3 1 3 9 
0 3 4 13 2 
0 2 3 0 
0 3 6 1 7 
0 1 5 
0 2 15 5 
0 1 19 
0 3 10 2 11 
0 1 9 
0 2 20 9 
0 1 24 
0 2 3 25 
0 1 27 
0 3 16 7 17 
0 1 15 
0 3 19 15 18 
0 1 17 
0 2 8 17 
0 3 22 11 21 
0 1 20 
0 3 24 23 20 
0 1 22 
0 2 22 12 
0 3 13 27 26 
0 1 25 
0 2 14 25 
46 6
0 2 1 5 
0 3 6 2 0 
0 3 1 3 10 
0 3 4 2 14 
0 3 3 18 5 
0 2 4 0 
0 3 1 7 8 
0 1 6 
0 2 22 6 
0 1 27 
0 3 12 11 2 
0 1 10 
0 2 10 28 
0 1 32 
0 3 15 16 3 
0 1 14 
0 2 14 33 
0 1 33 
0 3 4 20 19 
0 1 18 
0 2 34 18 
0 1 36 
0 3 25 8 23 
0 2 37 22 
0 2 25 40 
0 4 22 24 27 26 
0 1 25 
0 2 9 25 
0 3 29 12 30 
0 1 28 
0 3 28 32 31 
0 1 30 
0 2 30 13 
0 2 17 16 
0 3 20 36 35 
0 1 34 
0 2 34 21 
0 3 23 38 40 
0 2 37 41 
0 2 40 45 
0 3 39 24 37 
0 2 38 42 
0 4 43 44 41 43 
0 2 42 42 
0 2 45 42 
0 2 44 39 
18 6
0 2 1 3 
0 3 4 2 0 
0 3 1 8 3 
0 2 2 0 
0 3 1 5 6 
0 1 4 
0 2 12 4 
0 1 12 
0 3 10 9 2 
0 1 8 
0 2 8 13 
0 1 17 
0 2 7 6 
0 3 15 10 14 
0 1 13 
0 3 16 17 13 
0 1 15 
0 2 15 11 
18 6
0 2 1 3 
0 3 4 2 0 
0 3 1 8 3 
0 2 2 0 
0 3 1 5 6 
0 1 4 
0 2 12 4 
0 1 12 
0 3 9 2 10 
0 1 8 
0 2 13 8 
0 1 17 
0 2 6 7 
0 3 14 15 10 
0 1 13 
0 3 16 17 13 
0 1 15 
0 2 11 15 
18 6
0 2 1 3 
0 3 4 2 0 
0 3 1 8 3 
0 2 2 0 
0 3 1 5 6 
0 1 4 
0 2 12 4 
0 1 16 
0 3 2 9 10 
0 1 8 
0 2 17 8 
0 1 17 
0 3 6 13 14 
0 1 12 
0 3 15 12 16 
0 1 14 
0 2 14 7 
0 2 10 11 
18 6
0 2 1 3 
0 3 4 2 0 
0 3 1 8 3 
0 2 2 0 
0 3 1 5 6 
0 1 4 
0 2 12 4 
0 1 16 
0 3 2 9 10 
0 1 8 
0 2 17 8 
0 1 17 
0 3 6 13 14 
0 1 12 
0 3 15 12 16 
0 1 14 
0 2 14 7 
0 2 10 11 
8 6
0 2 1 2 
0 1 0 
0 3 3 4 0 
0 1 2 
0 2 2 6 
0 1 7 
0 2 4 7 
0 2 5 6 
44 6
0 2 1 5 
0 3 2 0 6 
0 3 10 1 3 
0 3 4 14 2 
0 3 3 18 5 
0 2 4 0 
0 3 7 1 8 
0 1 6 
0 2 22 6 
0 1 26 
0 3 2 11 12 
0 1 10 
0 2 27 10 
0 1 30 
0 3 3 15 16 
0 1 14 
0 2 31 14 
0 0 
0 3 4 20 19 
0 1 18 
0 2 34 18 
0 1 34 
0 3 24 8 23 
0 1 22 
0 3 22 25 26 
0 1 24 
0 2 24 9 
0 3 12 29 28 
0 1 27 
0 2 27 35 
0 2 38 13 
0 3 16 32 33 
0 1 31 
0 1 31 
0 2 20 21 
0 3 36 29 38 
0 2 35 39 
0 2 38 43 
0 3 30 37 35 
0 2 40 36 
0 4 39 41 41 42 
0 2 40 40 
0 2 40 43 
0 2 37 42 
15 6
0 2 2 1 
0 3 2 3 0 
0 2 0 1 
0 3 5 1 4 
0 1 3 
0 2 7 3 
0 1 14 
0 2 5 8 
0 4 7 9 10 9 
0 2 8 8 
0 3 8 11 12 
0 2 12 10 
0 4 11 13 14 10 
0 1 12 
0 2 6 12 
242 6
0 2 16 1 
0 3 22 2 0 
0 3 1 32 3 
0 3 4 36 2 
0 3 3 5 40 
0 3 44 6 4 
0 3 5 7 48 
0 3 6 8 52 
0 3 62 9 7 
0 3 10 72 8 
0 3 11 9 76 
0 3 12 10 80 
0 3 13 84 11 
0 3 12 88 14 
0 3 15 92 13 
0 3 14 96 16 
0 4 17 0 18 15 
0 1 16 
0 2 16 19 
0 2 18 100 
0 2 21 108 
0 1 20 
0 3 1 23 24 
0 1 22 
0 2 22 109 
0 2 113 26 
0 4 27 29 25 28 
0 2 28 26 
0 2 27 26 
0 3 30 31 26 
0 2 31 29 
0 2 30 29 
0 3 34 33 2 
0 1 32 
0 2 32 114 
0 1 117 
0 3 37 38 3 
0 1 36 
0 2 118 36 
0 1 128 
0 3 42 41 4 
0 1 40 
0 2 40 129 
0 1 135 
0 3 5 46 45 
0 1 44 
0 2 44 136 
0 1 137 
0 3 49 50 6 
0 1 48 
0 2 48 138 
0 1 144 
0 3 53 7 54 
0 1 52 
0 2 145 52 
0 2 147 56 
0 4 59 58 55 57 
0 2 56 58 
0 2 56 57 
0 3 60 56 61 
0 2 59 61 
0 2 60 59 
0 3 64 8 63 
0 1 62 
0 2 148 62 
0 2 150 66 
0 4 68 69 65 67 
0 2 66 68 
0 2 66 67 
0 3 71 66 70 
0 2 69 71 
0 2 69 70 
0 3 73 9 74 
0 1 72 
0 2 151 72 
0 1 162 
0 3 77 10 78 
0 1 76 
0 2 76 163 
0 1 164 
0 3 82 81 11 
0 1 80 
0 2 80 165 
0 1 169 
0 3 12 85 86 
0 1 84 
0 2 170 84 
0 1 179 
0 3 13 90 89 
0 1 88 
0 2 180 88 
0 1 188 
0 3 14 94 93 
0 1 92 
0 2 92 189 
0 1 190 
0 3 98 97 15 
0 1 96 
0 2 191 96 
0 1 197 
0 3 102 101 19 
0 2 100 108 
0 3 100 103 106 
0 3 102 105 104 
0 1 103 
0 2 103 106 
0 3 105 198 102 
0 2 108 227 
0 3 107 20 101 
0 2 228 24 
0 3 112 111 228 
0 1 110 
0 2 113 110 
0 2 112 25 
0 3 115 34 116 
0 1 114 
0 2 117 114 
0 2 35 116 
0 3 127 38 119 
0 3 120 121 118 
0 2 119 121 
0 4 120 119 123 122 
0 1 121 
0 3 124 125 121 
0 1 123 
0 2 126 123 
0 2 127 125 
0 3 126 118 128 
0 2 127 39 
0 3 130 42 131 
0 1 129 
0 2 132 129 
0 3 131 133 134 
0 1 132 
0 2 135 132 
0 2 134 43 
0 2 46 137 
0 2 47 136 
0 4 139 50 143 172 
0 3 140 138 141 
0 1 139 
0 2 142 139 
0 2 141 143 
0 3 142 144 138 
0 3 173 143 51 
0 2 228 54 
0 2 228 147 
0 2 55 146 
0 2 64 228 
0 2 228 150 
0 2 149 65 
0 3 161 74 152 
0 3 154 151 153 
0 1 152 
0 2 155 152 
0 3 154 156 157 
0 1 155 
0 2 158 155 
0 3 160 159 157 
0 1 158 
0 2 158 161 
0 3 160 151 162 
0 2 161 75 
0 2 164 78 
0 2 163 79 
0 3 82 166 168 
0 2 167 165 
0 2 166 168 
0 3 169 167 165 
0 2 168 83 
0 3 86 178 171 
0 3 174 170 172 
0 2 171 138 
0 2 144 174 
0 4 171 173 175 176 
0 1 174 
0 2 177 174 
0 2 178 176 
0 3 177 170 179 
0 2 87 178 
0 3 187 90 181 
0 3 183 182 180 
0 2 181 183 
0 4 185 184 181 182 
0 1 183 
0 2 186 183 
0 2 185 187 
0 3 180 186 188 
0 2 187 91 
0 2 190 94 
0 2 189 95 
0 3 98 196 192 
0 3 193 194 191 
0 1 192 
0 2 192 195 
0 2 196 194 
0 3 197 191 195 
0 2 196 99 
0 2 229 106 
0 2 232 200 
0 3 201 202 199 
0 1 200 
0 3 203 204 200 
0 2 202 207 
0 3 206 205 202 
0 2 206 204 
0 3 205 207 204 
0 4 206 209 208 203 
0 1 207 
0 3 210 211 207 
0 1 209 
0 2 212 209 
0 4 211 213 225 214 
0 1 212 
0 2 215 212 
0 3 226 214 216 
0 3 218 217 215 
0 1 216 
0 2 216 219 
0 3 220 218 221 
0 1 219 
0 2 222 219 
0 3 221 224 223 
0 1 222 
0 2 222 225 
0 2 212 224 
0 2 215 227 
0 2 107 226 
0 6 146 149 148 109 145 110 
0 3 198 232 230 
0 2 233 229 
0 2 232 237 
0 3 229 199 231 
0 2 234 230 
0 4 233 235 236 235 
0 2 234 234 
0 2 234 237 
0 2 231 236 
0 0 
0 0 
0 0 
0 0 
36 6
0 2 1 5 
0 3 6 2 0 
0 3 10 1 3 
0 3 4 14 2 
0 3 3 18 5 
0 2 4 0 
0 3 1 7 8 
0 1 6 
0 2 22 6 
0 1 22 
0 3 2 12 11 
0 1 10 
0 2 23 10 
0 1 25 
0 3 3 15 16 
0 1 14 
0 2 26 14 
0 1 34 
0 3 4 19 20 
0 1 18 
0 2 18 35 
0 1 35 
0 2 8 9 
0 3 12 24 25 
0 1 23 
0 2 13 23 
0 3 16 27 28 
0 1 26 
0 3 32 29 26 
0 3 31 30 28 
0 2 29 31 
0 3 29 32 30 
0 4 33 28 31 34 
0 1 32 
0 2 17 32 
0 2 21 20 
12 6
0 2 2 1 
0 3 2 3 0 
0 2 0 1 
0 3 4 5 1 
0 1 3 
0 2 7 3 
0 1 11 
0 3 5 9 8 
0 1 7 
0 3 7 10 11 
0 1 9 
0 2 6 9 
